# `D0` Sample Charmed Hadron Cross Section
# x # sig (1e12 GeV) / mb # sig (1e10 GeV) / mb # sig (1e8 GeV) / mb
1e-07   88196716.64909819   13401093.595830653   1723234.9646307614
1.0162650893929952e-07   86228948.10240689   13124703.377355529   1693644.0298751644
1.0327947319189525e-07   84305082.4965277   12854010.482254634   1664501.8113833754
1.0495932305582266e-07   82424140.31930958   12588897.581479324   1635803.9948428948
1.0666649582795388e-07   80585163.91206516   12329249.75815339   1607546.1854246757
1.0840143591783309e-07   78787216.98201995   12074954.458129646   1579723.9159369555
1.1016459496336569e-07   77029384.12563632   11825901.441554138   1552332.6545327306
1.1195643194838795e-07   75310770.36257291   11581982.735418322   1525367.811993564
1.1377741332214903e-07   73630500.68004085   11343092.587078935   1498824.7486111508
1.1562801312073753e-07   71987719.58732444   11109127.41872593   1472698.780686922
1.1750871309048075e-07   70381590.68024166   10879985.782779735   1446985.1866689743
1.1942000281335325e-07   68811296.21531971   10655568.318198485   1421679.2129444939
1.2136237983442417e-07   67276036.69347137   10435777.707677223   1396776.0793049906
1.2333634979137747e-07   65775030.45295904   10220518.63572087   1372270.984100724
1.2534242654613995e-07   64307513.27143889   10009697.74757322   1348159.1090998428
1.2738113231864784e-07   62872737.976884946   9803223.60898492   1324435.6240670355
1.294529978227916e-07   61469974.067191266   9601006.666802997   1301095.6910756163
1.315585624045705e-07   60098507.33826187   9402959.210365672   1278134.4685663995
1.3369837418249454e-07   58757639.52039745   9208995.333685927   1255547.1151659314
1.3587299019027092e-07   57446687.92279362   9019030.898407854   1233328.7932760846
1.3808297652180922e-07   56164985.08597169   8832983.497520348   1211474.6724464034
1.4032890847858732e-07   54911878.44196203   8650772.419812381   1189979.932539986
1.4261137071941298e-07   53686729.98206962   8472318.615055162   1168839.766703213
1.449309574126215e-07   52488915.93205125   8297544.659896223   1148049.3841490804
1.472882723907502e-07   51317826.43453907   8126374.724451018   1127604.012763407
1.4968392930772555e-07   50172865.23855048   7958734.539578091   1107498.9015428096
1.5211855179861048e-07   49053449.39592351   7794551.364823494   1087729.322872762
1.5459277364194786e-07   47959008.964525476   7633753.957021246   1068290.574653807
1.5710723892474488e-07   46888986.71808292   7476272.539536342   1049177.9822834777
1.5966260221014253e-07   45842837.862484545   7322038.772137157   1030386.9005011712
1.6225952870780872e-07   44820029.75841476   7170985.721484766   1011912.7151028924
1.648986944471065e-07   43820041.65017389   7023047.8322262075   993750.8445323654
1.6758078645307688e-07   42842364.40054899   6878160.898679742   975896.7413547969
1.7030650292528427e-07   41886500.23159976   6736262.0370999025   958345.8936192115
1.730765534195724e-07   40951962.471226886   6597289.658510513   941093.8261150043
1.7589165903277327e-07   40038275.30539557   6461183.442094315   924136.101528129
1.7875255259042355e-07   39144973.53588584   6327884.309127581   907468.3215020068
1.8165997883753286e-07   38271602.34344799   6197334.397448814   891086.1276080646
1.8461469463245456e-07   37417717.05624208   6069477.036450615   874985.2022305566
1.8761746914391194e-07   36582882.9234429   5944256.7225839505   859161.2693700751
1.906690840512252e-07   35766674.893897116   5821619.095364631   843610.0953700136
1.937703337477989e-07   34968677.39971735   5701510.9138714485   828327.4895699557
1.9692202554791735e-07   34188484.14470482   5583880.03372615   813309.3048898522
2.001249798969035e-07   33425697.897492457   5468675.384545414   798551.4383486293
2.03380030584698e-07   32679930.289302364   5355846.94785505   784049.8315206915
2.066880249629082e-07   31950801.616216443   5245345.735457258   769800.4709336635
2.1004982416539152e-07   31237940.64585732   5137123.768241425   755799.3884104913
2.1346630333242454e-07   30540984.428382892   5031134.055429563   742042.6613589351
2.169383518385182e-07   29859578.111697417   4927330.574247508   728526.4130113168
2.2046687352394075e-07   29193374.760785047   4825668.250013094   715246.8126172392
2.2405278693000183e-07   28542035.18107484   4726102.93663298   702200.0755919096
2.27697025538168e-07   27905227.74574567   4628591.397499532   689382.46362251
2.3140053801306542e-07   27282628.22688453   4533091.286779798   676790.2847350056
2.351642884494351e-07   26673919.630411565   4439561.131088436   664419.8933236296
2.389892566231048e-07   26078792.03468812   4347960.311536861   652267.6901451958
2.4287643824604503e-07   25496942.432725094   4258249.046150746   640330.1222802683
2.4682684522556925e-07   24928074.577912424   4170388.3726486294   628603.6830631645
2.508415059277541e-07   24371898.833189692   4084340.1315739253   617084.9119826094
2.549214654451426e-07   23828132.02358211   4000066.949773347   605770.3945548355
2.590677858688006e-07   23296497.29202651   3917532.2242145594   594656.7621707977
2.63281546564802e-07   22776723.958413567   3836700.1061361004   583740.6919191029
2.675638444552045e-07   22268547.381775573   3757535.485522921   573018.9063862029
2.7191579430360187e-07   21771708.825548105   3680003.9759006547   562488.1734352675
2.7633852900531726e-07   21285955.32583814   3604071.89944229   552145.305965151
2.8083319988231697e-07   20811039.5626312   3529706.2723807623   541987.1616507565
2.8540097698292376e-07   20346719.733871546   3456874.790721183   532010.6426660487
2.9004304938639914e-07   19892759.4323524   3385545.816246702   522212.6953909229
2.9476062551248587e-07   19448927.52535213   3315688.362811796   512590.31010304415
2.9955493343598163e-07   19014998.03695612   3247272.0829172716   503140.5206557548
3.0442722120643e-07   18590750.03300416   3180267.2545611183   493860.40414306836
3.0937875717301365e-07   18175967.5086044   3114644.7683595647   484747.0805527233
3.144108303147265e-07   17770439.278157458   3050376.1149328933   475797.71240824496
3.195247505759214e-07   17373958.867833618   2987433.3725504624   467009.504400871
3.247218492073132e-07   16986324.410449278   2925789.195029702   458379.70301220164
3.300034791125282e-07   16607338.542688604   2865416.7998838816   449905.59612836316
3.353710152002929e-07   16236808.304618113   2806289.956713486   441584.5126464393
3.408258547423452e-07   15874545.041443603   2748382.9758363315   433413.8220739048
3.463694177371734e-07   15520364.307458425   2691670.6971513717   425390.9341217234
3.5200314727966827e-07   15174085.772135   2636128.47923153   417513.29829177604
3.57728509936787e-07   14835533.128311498   2581732.188640801   409778.40345922584
3.6354699612933177e-07   14504534.002426716   2528458.1894710106   402183.77745040285
3.6946012051993025e-07   14180919.86675803   2476283.333093816   394726.98661677336
3.754694224073337e-07   13864525.95361709   2425184.9481234183   387405.63540550077
3.8157646612712524e-07   13555191.171459947   2375140.830585731   380217.36592710804
3.8778284145894535e-07   13252758.022868892   2326129.2342897747   373159.85752070916
3.940901640403448e-07   12957072.524363969   2278128.861397093   366230.8263172487
4.005000757873611e-07   12667984.128003906   2231118.8531852253   359428.0248011869
4.0701424532194387e-07   12385345.644735847   2185078.781001138   352749.241371008
4.136343684063278e-07   12109013.16945537   2139988.6374008018   346192.2998989448
4.203621683844718e-07   11838846.007738424   2095828.8274710565   339755.05929026875
4.2719939663067764e-07   11574706.604208002   2052580.160330044   333435.4130424821
4.3414783300550924e-07   11316460.472498804   2010223.840802495   327231.28880472673
4.41209286319119e-07   11063976.126784785   1968741.461266378   321140.64793771924
4.483855948021191e-07   10817125.014834063   1928114.9936672729   315161.4850744767
4.556786265841069e-07   10575781.452557547   1888326.7816971121   309291.8276821124
4.630902801799737e-07   10339822.560017878   1849359.533133886   303529.7356249453
4.7062248498412817e-07   10109128.198865892   1811196.3123389748   297873.3007291541
4.782772017727485e-07   9883580.911173215   1773820.5329089633   292320.646349207
4.860564232142139e-07   9663065.859629273   1737215.950478643   286869.92693625874
4.939621743878326e-07   9447470.769072691   1701366.6556721895   281519.32760871993
5.019965133110079e-07   9236685.869327184   1666257.0671994342   276267.06372517307
5.101615314749834e-07   9030603.839312654   1631871.925094232   271111.38045980514
5.184593543892913e-07   8829119.752403565   1598196.2840920778   266050.55238052073
5.268921421350677e-07   8632131.02300605   1565215.5071440078   261082.883029871
5.354620899273613e-07   8439537.354327131   1532915.259064069   256206.7045089458
5.441714286865887e-07   8251240.687309247   1501281.5003075758   251420.37706435035
5.5302242561929e-07   8067145.150703925   1470300.4808774523   246722.28867838334
5.620173848083188e-07   7887157.012259647   1439958.7343560895   242110.8546625333
5.711586478126435e-07   7711184.6309985   1410243.0720600528   237584.5172543815
5.804485942768984e-07   7539138.410557671   1381140.5773151773   233141.7452180128
5.898896425508493e-07   7370930.753571991   1352638.5998495587   228781.0334480162
5.994842503189409e-07   7206476.017074052   1324724.7503019893   224500.9025771507
6.092349152400711e-07   7045690.468889702   1297386.894843531   220299.89858775295
6.191441755977848e-07   6888492.245006089   1270613.1499098202   216176.5924269426
6.29214610961035e-07   6734801.307891039   1244391.877041883   212129.57962568922
6.394488428556937e-07   6584539.405742324   1218711.6778332111   208157.47992179048
6.498495354469888e-07   6437630.0326460395   1193561.388980898   204258.93688680607
6.604193962330305e-07   6293998.389624075   1168930.0774387463   200432.61755699426
6.711611767496287e-07   6153571.346550444   1144807.0356701773   196677.21206827823
6.820776732865693e-07   6016277.404917426   1121181.7769989476   192991.43329528024
6.9317172761554e-07   5882046.661432387   1098044.0310556355   189374.0164944467
7.044462277299037e-07   5750810.772426741   1075383.739317921   185823.71895128558
7.159041085964888e-07   5622502.919059135   1053191.0507427694   182339.3196317396
7.275483529196232e-07   5497057.773294809   1031456.3174885695   178919.61883770078
7.393819919175874e-07   5374411.46464409   1010170.0907254196   175563.43786668358
7.514081061116962e-07   5254501.547642968   989323.1165317354   172269.61867566165
7.636298261282241e-07   5137266.970059135   968906.331875388   169037.02354906866
7.760503335133571e-07   5022648.041807553   948910.8606776722   165864.53477097172
7.886728615614155e-07   4910586.404559359   929328.0099583509   162751.05430140515
8.015006961565414e-07   4801025.002028927   910149.2660601425   159695.50345686663
8.145371766280737e-07   4693908.050923852   891366.2909510077   156696.82259496598
8.277856966198472e-07   4589181.012542985   872970.9186026177   153753.97080321354
8.412497049736118e-07   4486790.565008298   854955.1514434755   150865.92559194253
8.549327066268385e-07   4386684.576116135   837311.1568851063   148031.68259134248
8.688382635251193e-07   4288812.076794262   820031.2639198455   145250.25525259288
8.829699955494083e-07   4193123.2351510962   803107.9597887405   142520.67455307624
8.973315814583519e-07   4099569.3311038828   786533.886718114   139841.98870564884
9.119267598459298e-07   4008102.7315730453   770301.8387234035   137213.262871952
9.267593301146883e-07   3918676.866229871   754404.7584788533   134633.57887973357
9.418331534647961e-07   3831246.203785341   738835.7342517328   132102.03494415875
9.571521538991855e-07   3745766.2288079844   723587.9968997426   129617.7453930833
9.727203192450538e-07   3662193.4190588933   708654.9169302976   127179.84039625863
9.885417021919574e-07   3580485.223332526   694030.0016204437   124787.46569844532
1.0046204213468131e-06   3500600.0397918   679706.8921961164   122439.78235639782
1.0209606623060475e-06   3422497.194786603   665679.3610695557   120135.96647969488
1.037566678745185e-06   3346136.9221448814   651941.3091336631   117875.20897538128
1.0544427935261685e-06   3271480.3429257283   638486.7631121208   115656.71529638699
1.0715933998226711e-06   3198489.4456242844   625309.8729641573   113479.70519369394
1.0890229622637304e-06   3127127.066818207   612404.9093427885   111343.41247221074
1.1067360180959745e-06   3057356.872245967   599766.2611054671   109247.08475032385
1.1247371783647508e-06   2989143.3383073313   587388.4328760513   107189.9832230886
1.1430311291144787e-06   2922451.7339765257   575266.042657024   105171.38242902227
1.1616226326085019e-06   2857248.1031190287   563393.8194909531   103190.57002046633
1.1805165285688055e-06   2793499.2472028174   551766.6011701508   101246.84653747542
1.1997177354358855e-06   2731172.708395373   540379.3319935554   99339.5251851996
1.2192312516491094e-06   2670236.7530378234   529227.0605698624   97467.93161472026
1.2390621569479157e-06   2610660.3554877476   518304.937665939   95631.40370730069
1.2592156136941508e-06   2552413.1823225515   507608.2140996155   93829.29136201604
1.2796968682159416e-06   2495465.576895189   497132.2386759062   92060.95628671933
1.30051125217341e-06   2439788.544234526   486872.456165791   90325.7717923084
1.3216641839466038e-06   2385353.736282569   476824.40532666974   88623.1225902533
1.3431611700460154e-06   2332133.437461049   466983.71696362726   86952.4045933441
1.3650078065460137e-06   2280100.5505600907   457346.1120306859   85313.02471962303
1.387209780541621e-06   2229228.5829416593   447907.3997711964   83704.40069945774
1.4097728716289677e-06   2179491.633050854   438663.4758965803   82125.96088571918
1.4327029534098294e-06   2130864.3772281436   429610.32080262626   80577.14406702419
1.4560059950206485e-06   2083322.0568158193   420743.99782256177   79057.3992840025
1.4796880626863962e-06   2036840.4655521663   412060.65151615953   77566.18564855192
1.5037553212997384e-06   1991395.9372468279   403556.50599411177   76102.97216603904
1.5282140360258708e-06   1946965.3337311791   395227.8632769651   74667.23756040882
1.5530705739334583e-06   1903526.0330775348   387071.1016878956   73258.47010216431
1.5783314056521166e-06   1861055.9180811797   379082.6742786234   71876.16743917603
1.60400310705682e-06   1819533.364999429   371259.1072877987   70519.83643028565
1.630092360979741e-06   1778937.2325418782   363596.9986311681   69188.99298166238
1.6566059589499152e-06   1739246.851106318   356093.0164228846   67883.16188587598
1.6835508029612006e-06   1700442.0122548172   348743.8975273113   66601.87666364858
1.7109339072690135e-06   1662502.9584245684   341546.44614068745   65344.67940824586
1.7387624002162504e-06   1625410.3728683572   334497.53240205406   64111.120632473576
1.7670435260889466e-06   1589145.3698194127   327594.09103281924   62900.75911823838
1.7957846470020968e-06   1553689.4848757233   320833.1200043845   61713.16176863897
1.8249932448161505e-06   1519024.6655988854   314211.6792332509   60547.903462550006
1.8546769230846976e-06   1485133.2623226824   307726.8893030337   59404.56691166168
1.8848434090337953e-06   1451998.0191667746   301375.9302128427   58282.742519941465
1.915500555573528e-06   1419602.0652508438   295156.0401514696   57182.02824547904
1.946656343342263e-06   1387928.906104788   289064.5142968617   56102.029464681735
1.978318882784162e-06   1356962.4152705495   283098.70364035666   55042.35883878405
2.010496416260497e-06   1326686.8260913088   277256.0138351644   54002.63618263662
2.0431973201952705e-06   1297086.7236839095   271533.9040686081   52982.48833574161
2.076430107255775e-06   1268147.0370903402   265929.8859576178   51981.54903549828
2.1102034285685966e-06   1239853.031604355   260441.52246701016   50999.45879262677
2.144526075971665e-06   1212190.3012692886   255066.42685008005   50035.86476873604
2.179406984302954e-06   1185144.7615432432   249802.26161104103   49090.42065600283
2.2148552337263594e-06   1158702.6421279507   244646.73748887368   48162.78655893014
2.250880052095462e-06   1132850.4799576045   239597.61246212735   47252.628878150914
2.287490817355704e-06   1107575.1123441316   234652.6907742541   46359.620196246964
2.3246970599856456e-06   1082863.6702753971   229809.82197904645   45483.43916555045
2.362508465477945e-06   1058703.571862933   225066.90000576345   44623.77039789684
2.4009348768606516e-06   1035082.515935867   220421.86224354626   43780.30435629941
2.43998629725955e-06   1011988.4757777648   215872.6886447145   42952.737248513324
2.47967289250216e-06   989409.6930032155   211417.4008465637   42140.77092246043
2.5200049937640896e-06   967334.6715710412   207054.06131127747   41344.11276348451
2.560993100258457e-06   945752.1719310655   202780.7724835797   40562.475593407406
2.6026478819690047e-06   924651.2053015006   198595.67596576898   39795.577571358124
2.64498018242772e-06   904021.0280739879   194496.9517097652   39043.14209634459
2.6880010215376073e-06   883851.136343478   190482.81722582606   38304.897711541256
2.7317215984413734e-06   864131.2605601591   186551.5268075877   37580.57801026398
2.776153294436798e-06   844851.3603006954   182701.37077308883   36869.92154360447
2.821307675939471e-06   826001.6191561461   178930.67472145773   36172.67172969828
2.8671964974937695e-06   807572.4397339202   175237.79880492846   35488.57676459778
2.9138317048327886e-06   789554.4387712537   171621.13701587694   34817.38953472517
2.9612254379880313e-06   771938.4423577128   168079.11648856665   34158.8675308788
3.009390034449724e-06   754715.481264273   164610.1968152956   33512.77276376675
3.0583380323784318e-06   737876.7863766504   161212.86937665872   32878.87168104397
3.108082173869064e-06   721413.7842304627   157885.65668561668   32256.935085824796
3.158635408267819e-06   705318.0926460619   154627.11174510664   31646.73805665004
3.2100108955431683e-06   689581.516460729   151435.8174189009   31048.05986888132
3.2622220097116733e-06   674196.043356086   148310.38581544382   30460.683917499755
3.3152823423194233e-06   659153.8397786336   145249.45768440788   29884.397641286567
3.369205705980267e-06   644447.2469512597   142251.70182568883   29318.992448359335
3.4240061379714255e-06   630068.7769737827   139315.81451060396   28764.263643044655
3.479697903887688e-06   616011.1090104664   136440.518915026   28220.010354061676
3.5362955013550466e-06   602267.0855626013   133624.56456421234   27686.035463995344
3.5938136638046257e-06   588829.7088242688   130866.72678909355   27162.145540038477
3.6522673643081755e-06   575692.1371193753   128165.80619377068   26648.150765978313
3.711671819475767e-06   562847.6814182196   125520.62813400815   26143.864875409537
3.7720424934169934e-06   550289.8019317569   122930.04220648034   25649.10508615035
3.833395101766605e-06   538012.1047818457   120392.92174855706   25163.692035841766
3.895745615775501e-06   526008.3387458145   117908.16334841352   24687.449718710766
3.959110266468459e-06   514272.3920736172   115474.68636524037   24220.205423474927
4.023505548869293e-06   502798.2893760429   113091.43245936067   23761.78967237175
4.088948226294864e-06   491580.1885823285   110757.36513203631   23312.036161290813
4.15545533471888e-06   480612.3779656593   108471.46927477197   22870.781700991072
4.223044187206672e-06   469889.27323503554   106232.75072791749   22437.866159384044
4.291732378422157e-06   459405.41469201393   104040.23584837632   22013.132404864078
4.361537789208005e-06   449155.4644509017   101892.97108623628   21596.426250668454
4.4324785912404e-06   439134.20372095617   99790.02257013261   21187.596400248112
4.504573251759463e-06   429336.5301492293   97730.47570116776   20786.49439363226
4.577840538376616e-06   419757.45522269735   95713.43475521015   20392.974554769346
4.652299523960189e-06   410392.10172834375   93738.02249339689   20006.893939826758
4.72796959160039e-06   401235.70126992575   91803.37978067636   19628.112286433552
4.804870439655134e-06   392283.59184013016   89908.66521221843   19256.49196384833
4.883022086877885e-06   383531.21544690576   88053.05474753492   18891.897924037017
4.962444877628914e-06   374974.11579275277   86235.74135214897   18534.197653644107
5.0431594871713585e-06   366607.93600578734   84455.93464665742   18183.261126841404
5.125186927053333e-06   358428.4164214369   82712.86056303619   17838.96075903958
5.208548550577666e-06   350431.3924136196   81005.76100803551   17501.17136144627
5.293266058360567e-06   342612.792274318   79333.89353352149   17169.770096456406
5.379361503980698e-06   334968.6351404614   77696.53101362001   16844.636433859923
5.466857299720181e-06   327495.0289670575   76092.96132852137   16525.652107851995
5.555776222398878e-06   320188.16854555544   74522.48705481141   16212.70107483225
5.646141419303673e-06   313044.33356641297   72984.42516219038   15905.669471978106
5.737976414214139e-06   306059.8867248928   71478.10671645087   15604.445576579004
5.831305113526219e-06   299231.2718691232   70002.87658858462   15308.919766117844
5.9261518124755525e-06   292555.012189472   68558.09316989062   15018.984479086042
6.022541201461928e-06   286027.7084483269   67143.12809296412   14734.534176519723
6.120498372476703e-06   279646.03724936297   65757.36595844044   14455.465304243331
6.220048825634718e-06   273406.74934542895   64400.20406737901   14181.676255808647
6.3212184758124485e-06   267306.6679841874   63071.05215916891   13913.067336116459
6.4240336593941905e-06   261342.68729066075   61769.33215484235   13649.540725708572
6.5285211411278475e-06   255511.77068587323   60494.47790568615   13391.000445718557
6.634708121092351e-06   249810.94934076694   59245.93494703925   13137.352323468765
6.742622241778349e-06   244237.3206646166   58023.160257171265   12888.503958702451
6.852291595284057e-06   238788.04682717024   56825.622021136616   12644.36469043945
6.9637447306282225e-06   233460.3533137582   55652.79939950091   12404.845564443945
7.077010661181889e-06   228251.5275126475   54504.18230184108   12169.859301293842
7.1921188722211925e-06   223158.9173339065   53379.27116491801   11939.320265040134
7.309099328602918e-06   218179.92985908806   52277.57673542734   11713.144432446268
7.4279824825649105e-06   213312.0300210399   51198.6198572333   11491.249362796601
7.548799281653432e-06   208552.73931316688   50141.93126299246   11273.55416826374
7.671581176779302e-06   203899.63452749743   49107.05137007868   11059.979484824924
7.796360130405236e-06   199350.34652089933   48093.5300807179   10850.447443717008
7.923168624866261e-06   194902.55900882528   47100.92658624813   10644.881643420613
8.05203967082547e-06   190554.00738597207   46128.80917541847   10443.207122163809
8.183006815867389e-06   186302.47757324955   45176.7550466435   10245.35033093564
8.316104153230961e-06   182145.80489047983   44244.350124133176   10051.239107000698
8.451366330684723e-06   178081.87295424374   43331.18887781575   9860.802647905064
8.588828559546258e-06   174108.61260031917   42436.87414697747   9673.971485965061
8.72852662384837e-06   170224.00083016208   41561.01696754147   9490.677463229902
8.870496889654403e-06   166426.05978089012   40703.236402910574   9310.853706909473
9.014776314524917e-06   162712.85571825167   39863.15937830183   9134.4346052591
9.16140245713852e-06   159082.49805205863   39040.420518498555   8961.355783912504
9.310413487069085e-06   155533.13837358833   38234.66198895128   8791.554082655077
9.461848194721993e-06   152062.96951446243   37445.53334015764   8624.967532629365
9.615746001432095e-06   148670.22462652077   36672.69135525324   8461.535333964679
9.772146969725724e-06   145353.176282229   35915.799900748505   8301.197833823415
9.9310918137498e-06   142110.13559515314   35174.529780345125   8143.896504856072
1.0092621909870484e-05   138939.45136005903   34448.55859176932   7989.573924057689
1.0256779307444209e-05   135839.50921219774   33737.5705865598   7838.173752018342
1.0423606739764011e-05   132808.73080534648   33041.25653274861   7689.640712560319
1.05931476351837e-05   129845.5730081914   32359.31358037675   7543.920572755136
1.0765446128423159e-05   126948.5271186376   31691.445129784122   7400.960123313111
1.0940547072057435e-05   124116.11809564977   31037.36070261807   7260.707159338868
1.11184960481927e-05   121346.90380823171   30396.77581550368   7123.110461445952
1.1299339380332217e-05   118639.47430116056   29769.411856320945   6988.119777223917
1.148312414543511e-05   115992.45107710655   29154.99596303573   6855.685803051571
1.1669898186171475e-05   113404.48639476602   28553.260905030584   6725.760166249729
1.1859710123376707e-05   110874.26258265635   27963.944966884974   6598.295407567458
1.2052609368708414e-05   108400.49136822014   27386.791834553685   6473.244963995538
1.2248646137509308e-05   105981.91322189693   26821.55048389406   6350.563151901088
1.2447871461879062e-05   103617.29671583236   26267.975071494195   6230.2051504776255
1.2650337203959038e-05   101305.4378968922   25725.82482775347   6112.126985504421
1.2856096069432964e-05   99045.15967366705   25194.863952169948   5996.285513409703
1.3065201621247199e-05   96835.31121715339   24674.861510788684   5882.638405631975
1.3277708293554291e-05   94674.76737480499   24165.591335766054   5771.1441332739005
1.3493671405883065e-05   92562.4280976602   23666.8319270075   5661.761952043533
1.3713147177539455e-05   90497.21788024827   23178.366355834474   5554.451887477306
1.3936192742241435e-05   88478.08521299297   22699.98217063973   5449.174720439766
1.4162866162991973e-05   86504.00204683428   22231.471304489693   5345.89197289487
1.4393226447194064e-05   84573.96326979336   21772.629984633273   5244.565893943741
1.4627333562011299e-05   82686.98619521884   21323.25864387882   5145.159446124123
1.4865248449978572e-05   80842.11006144826   20883.161833799382   5047.636291966467
1.5107033044866556e-05   79038.39554263397   20452.148139729477   4951.960780802042
1.535275028780421e-05   77274.92427048329   20030.030097516108   4858.097935818332
1.5602464143663713e-05   75550.79836666772   19616.624111987458   4766.013441357102
1.5856239617711373e-05   73865.13998566818   19211.750377105087   4675.673630450828
1.61141427725302e-05   72217.09086781468   18815.232797762586   4587.045472592612
1.637624074521689e-05   70605.81190230357   18426.898913199468   4500.09656173585
1.664260176485902e-05   69030.48269996107   18046.579821994783   4414.7951045188565
1.6913295170296505e-05   67490.30117553927   17674.11010860873   4331.10990871052
1.7188391428171457e-05   65984.48313933444   17309.327771440934   4249.010371872949
1.7467962151272457e-05   64512.26189791198   16952.074152372257   4168.466470236715
1.775208011717636e-05   63072.8878637447   16602.193867761904   4089.448747785243
1.804081928719381e-05   61665.62817355739   16259.534740867792   4011.928305544011
1.8334254825622925e-05   60289.76631518687   15923.947735661703   3935.8767910709416
1.86324631193156e-05   58944.601762769904   15595.286892010905   3861.2663881443495
1.8935521797562953e-05   57629.44962006613   15273.409262196497   3788.069806644418
1.924350975230332e-05   56343.64027174314   14958.1748487428   3716.2602726250097
1.955650715865947e-05   55086.519042439366   14649.446543529268   3645.8115185719607
1.987459549580986e-05   53857.445863433786   14347.09006815898   3576.6977738444652
2.0197857568198782e-05   52655.7949467549   14050.97391555835   3508.893755296297
2.052637752709252e-05   51480.95446655688   13760.969292781134   3442.3746580731436
2.086024089248505e-05   50332.32624760856   13476.950064993809   3377.116146583212
2.1199534575360688e-05   49209.325460730215   13198.792700616372   3313.0943456375253
2.1544346900318867e-05   48111.380325025675   12926.376217595336   3250.2858317568603
2.189476762856621e-05   47037.93181676004   12659.582130786051   3188.667624642352
2.2250887981283694e-05   45988.43338472934   12398.294400420087   3128.2171788063683
2.2612800663372794e-05   44962.35067198392   12142.399381636998   3068.9123753610593
2.2980599887588487e-05   43959.16124375869   11891.785775057104   3010.7315139613397
2.3354381399064817e-05   42978.354321473445   11646.344578374395   2953.653304899506
2.3734242500238664e-05   42019.430522670045   11405.969038948891   2897.6568613487784
2.412028207618007e-05   41081.901606748565   11170.55460737667   2842.721691752687
2.4512600620333398e-05   40165.2902263798   10939.998892018817   2788.82769235794
2.491130026067786e-05   39269.12968446193   10714.201614468398   2735.9551398877825
2.531648478631358e-05   38392.96369649999   10493.064565936505   2684.084684353353
2.5728259674479322e-05   37536.34615828861   10276.491564538805   2633.197342000534
2.614673211801092e-05   36698.84091877528   10064.388413462942   2583.2744883894898
2.6572011053245066e-05   35880.02155799403   9856.662859999955   2534.297851604758
2.70042071883777e-05   35079.47116995206   9653.224555420791   2486.2495055931586
2.744343303228368e-05   34296.782150360596   9453.985015680917   2439.111863627249
2.7889802923804396e-05   33531.55598910299   9258.85758293629   2392.8676718920515
2.8343433061513092e-05   32783.40306733094   9067.757387852895   2347.5000031924933
2.8804441533962977e-05   32051.94245908992   8880.601312694842   2302.992250779613
2.927294835042813e-05   31336.80173736941   8697.30795517381   2259.328122293055
2.9749075472144436e-05   30637.61678448017   8517.797593044625   2216.4916338177613
3.0232946844057763e-05   29954.03160666377   8341.992149431846   2174.467104052813
3.072468842709003e-05   29285.69815283607   8169.8151588713845   2133.2391485900766
3.122442823092858e-05   28632.276137377045   8001.19173405351   2092.792674300888
3.173229634734973e-05   27993.432866873034   7836.048533251913   2053.1128738285183
3.224842498408446e-05   27368.84307072464   7674.313728424953   2014.1852201845124
3.277294849923382e-05   26758.18873553518   7515.916973975583   1975.9954614470482
3.3306003436245885e-05   26161.15894319216   7360.789376155452   1938.5296155591668
3.384772855945983e-05   25577.449712563262   7208.863463101007   1901.7739652252758
3.439826489022921e-05   25006.763844723242   7060.073155487681   1865.7150529038647
3.4957755743632785e-05   24448.810771633947   6914.353737789725   1830.33967589471
3.552634676578139e-05   23903.306408201544   6771.641830133476   1795.634881518851
3.610418597173337e-05   23369.973007632827   6631.8753607310555   1761.587962389425
3.669142378402494e-05   22848.539020020402   6494.993538883471   1728.1864517718677
3.72882130718283e-05   22338.738954082026   6360.936828540579   1695.418119031624
3.789470919074672e-05   21840.313241984688   6229.646922406764   1663.2709651677922
3.8511070023255685e-05   21353.008107185608   6101.066716581264   1631.7332184311506
3.913745601980384e-05   20876.5754352203   5975.140285721471   1600.7933300248067
3.977403024058037e-05   20410.772647375143   5851.81285871925   1570.4399698861243
4.042095839796302e-05   19955.36257717736   5731.030794878969   1540.6620225482382
4.107840889965651e-05   19510.113349640906   5612.7415605872275   1511.448583079717
4.174655289253135e-05   19074.79826320725   5496.893706464283   1482.7889531009616
4.242556430717777e-05   18649.195674318828   5383.436844986676   1454.672636875748
4.311561990318228e-05   18233.088884569228   5272.32162857205   1427.0893374766758
4.3816899315141855e-05   17826.266030370312   5163.49972811605   1400.0289530229995
4.45295850994266e-05   17428.519975081104   5056.92381197219   1373.4815729895224
4.525386278170167e-05   17039.64820354409   4952.547525365752   1347.4374745852685
4.598992090522438e-05   16659.452718973378   4850.325470232198   1321.8871192004908
4.673795107992464e-05   16287.73994214458   4750.213185472043   1296.821148920884
4.749814803228495e-05   15924.320612833211   4652.16712761302   1272.2303831076156
4.827070965603188e-05   15569.009693452106   4556.144651871359   1248.105815041976
4.9055837063650453e-05   15221.626274839497   4462.103993604123   1224.4386086334814
4.985373463873894e-05   14881.993484147972   4370.004250144021   1201.2200951901093
5.0664610089212685e-05   14549.938394789628   4279.805363009443   1178.4417702496505
5.148867450137487e-05   14225.291938389826   4191.4681004814565   1156.0952904708972
5.232614239486667e-05   13907.888818705367   4104.954040540407   1134.1724705836002
5.3177231778509664e-05   13597.567427463891   4020.2255541548375   1112.6652803961108
5.404216420705915e-05   13294.169762079962   3937.245788915032   1091.565841859523
5.492116483887789e-05   12997.541345208081   3855.978653004611   1070.8664261873837
5.581446249454955e-05   12707.531146089863   3776.3887995027617   1050.5594510298088
5.672228971644549e-05   12423.991503656205   3698.4416110104557   1030.6374777010312
5.764488282925873e-05   12146.778051345591   3622.103184594116   1011.0932084594004
5.858248200152536e-05   11875.749643598912   3547.3403170397632   991.9194838387525
5.95353313081437e-05   11610.76828399523   3474.1204904117553   973.1092800302981
6.050367879391212e-05   11351.699054990317   3402.411857909419   954.6557063139834
6.148777653810029e-05   11098.410049222866   3332.183230015586   936.5520025384233
6.248788072006888e-05   10850.772302353824   3263.404060931143   918.7915366485283
6.350425168595962e-05   10608.659727403397   3196.044435289328   901.3678022598332
6.453715401646702e-05   10371.949050553798   3130.075055144443   884.2744162787536
6.558685659571422e-05   10140.519748383927   3065.4672272289763   867.5051165678245
6.66536326812492e-05   9914.253986504378   3002.192850473723   851.0537596550973
6.773775997517745e-05   9693.036559562037   2940.224403785584   834.9143184868954
6.883952069645496e-05   9476.754832582536   2879.5349340774333   819.0808802230282
6.995920165435375e-05   9265.29868362212   2820.0980445452115   803.547644073763
7.109709432312424e-05   9058.560447698655   2761.8878831868637   788.308919177688
7.225349491787222e-05   8856.434861973512   2704.8791315582184   773.3591225197189
7.342870447166758e-05   8658.819012157031   2649.046993761052   758.6927768885282
7.462302891391108e-05   8465.612280109013   2594.367185658234   744.3045088725686
7.58367791499719e-05   8276.716292608973   2540.815924311649   730.1890468940622
7.707027114212288e-05   8092.034871269016   2488.3699176379837   716.3412192801588
7.832382599179204e-05   7911.473983564245   2437.0063542780226   702.7559523705947
7.959777002314978e-05   7734.941694956055   2386.7028936751162   689.4282686611821
8.089243486805938e-05   7562.3481220830845   2337.4376563582646   676.3532849823902
8.22081575524054e-05   7393.605386997065   2289.189214425889   663.5262107124353
8.354528058382854e-05   7228.627572419413   2241.936582225932   650.9423460241617
8.490415204088756e-05   7067.3306779961085   2195.659207228294   638.5970801651024
8.628512566366887e-05   6909.632577528891   2150.3369610857508   626.4858897701145
8.768856094587427e-05   6755.452977160161   2105.9501308792082   614.6043372059092
8.911482322840202e-05   6604.713374491349   2062.479410543791   602.9480689469573
9.056428379445294e-05   6457.337018613081   2019.9058924717986   591.5128139821068
9.20373199661823e-05   6313.248871027229   1978.211059288994   580.294382251371
9.353431520292377e-05   6172.375567440871   1937.376775800623   569.2886631123085
9.505565920101191e-05   6034.64538041254   1897.3852811036302   558.491623835421
9.660174799522646e-05   5899.988182832106   1858.219180861723   547.8993081280531
9.817298406188841e-05   5768.335412215259   1819.861439739815   537.5078346862167
9.976977642363212e-05   5639.620035794735   1782.295373994637   527.313395773841
0.00010139254075588153   5513.776516390382   1745.5046442182738   517.3122558289167
0.00010304169949505875   5390.740779040679   1709.4732482314478   507.50075009602716
0.00010471768194855202   5270.450178378793   1674.1855141234942   497.87528328477225
0.00010642092440647246   5152.843466736504   1639.6260934359775   488.4323282535913
0.00010815187025522882   5037.860762959752   1605.7799544869852   479.16842471850526
0.00010991097009294972   4925.443521919954   1572.6323758331994   470.0801779863058
0.00011169868184678226   4815.5345047056   1540.1689398669166   461.16425771173635
0.0001135154708920999   4708.077749478836   1508.375526545196   452.41739667819917
0.00011536181017364785   4603.0185429823805   1477.2383072484567   443.83638960155645
0.00011723818032865986   4500.303392682054   1446.743738765805   435.41809195657805
0.0001191450698119776   4399.879999530895   1416.8785574044994   427.159418825613
0.00012108297502320394   4301.6972313409515   1387.6297732210085   419.0573437690664
0.00012305240043592616   4205.705096749153   1358.9846643711066   411.1088977172613
0.00012505385872903913   4111.8547197640655   1330.9307715765995   403.31116788329183
0.0001270878709202058   4020.0983148805176   1303.4558927062376   395.66129669645994
0.0001291549665014884   3930.389162749446   1276.5480774684702   388.1564807559129
0.00013125568357718427   3842.681586390631   1250.1956222137537   380.79396980410075
0.00013339056900390586   3756.930927936067   1224.3870648441064   373.57106571966915
0.0001355601785329369   3673.093525892309   1199.1111798277545   366.4851215294342
0.00013776507695490535   3591.1266929100716   1174.3569733166473   359.53354043906563
0.00014000583824680976   3510.9886940498063   1150.1136783647441   352.7137748821282
0.0001422830457214352   3432.6387255322693   1126.370750245009   346.0233255871418
0.00014459729217920195   3356.036893963098   1103.1178618630292   339.4597406623044
0.00014694918006248172   3281.1441960209972   1080.3448992653182   333.0206146975574
0.00014933932161242518   3207.9224985990654   1058.0419572403039   326.70358788365826
0.00015176833902834055   3136.334519389177   1036.1993350101104   320.50634514793745
0.00015423686462966274   3066.3438078996146   1014.8075320112695   314.4266153064311
0.0001567455410205595   2997.9147268961424   993.8572437624935   308.4621702320697
0.0001592950212572123   2931.012434257226   973.3393578177511   302.6108240386286
0.00016188596901781975   2865.6028652340387   953.2449498028561   296.870432280135
0.00016451905877536624   2801.652715106272   933.5652795338568   291.2388911654398
0.000167194975973199   2739.1294222249544   914.291787215546   285.71413678767465
0.0001699144172034626   2678.0011514335642   895.4160897184213   280.2941443682996
0.0001726780903884356   2618.236777859054   876.929976932484   274.9769275154764
0.00017548671496481503   2559.8058710645305   858.8254081963038   269.7605374964928
0.0001783410220710008   2502.6786795554804   841.0945087997642   264.6430625239664
0.00018124175473742377   2446.826115631718   823.7295665590082   259.6226270555785
0.00018418966807997109   2392.2197405772754   806.7230284620576   254.69739110706996
0.00018718552949655793   2338.8317501807305   790.0674973836692   249.8655495782549
0.00019023011886689438   2286.634960578614   773.7557288679961   245.12533159180637
0.0001933242287555045   2235.60279441464   757.7806279776414   240.4749998445665
0.00019646866461804464   2185.709267307766   742.1352462077582   235.9128499711505
0.00019966424501097934   2136.928974622158   726.812778463827   231.43720991960734
0.0002029118018046678   2089.23707853232   711.8065601018105   227.04643933890918
0.00020621218039991424   2042.6092953768577   697.1100640294067   222.73892897805044
0.0002095662399480433   1997.0218832943358   682.7168978671115   218.51310009652806
0.0002129748535745521   1952.4516301350604   668.620801167893   214.3674038859964
0.00021643890860640203   1908.8758416425183   654.8156426942335   210.30032090287895
0.0002199593068030075   1866.2723298985104   641.2954177513765   206.310360511731
0.00022353696459097942   1824.6194020261182   628.054245575618   202.39606033915322
0.0002271728133026905   1783.8958491446797   615.0863667764867   198.5559857380486
0.00023086779941871696   1744.080935571228   602.3861408317314   194.78872926203658
0.00023462288481422623   1705.1543882628448   589.9480436339974   191.09291014982367
0.00023843904700937205   1667.0963864945563   577.7666650881392   187.46717381934565
0.00024231727942375982   1629.8875517675656   565.8367067581291   183.91019137149837
0.00024625859163505465   1593.5089379425958   554.1529795625187   180.42065910326963
0.0002502640096417919   1557.9420215934176   542.7104015174771   176.99729803010086
0.00025433457613046484   1523.168692575572   531.5039955264009   173.63885341729886
0.00025847135074695635   1489.171244805522   520.528887215146   170.34409432032734
0.00026267541037238356   1455.932367245547   509.7803028119438   167.1118131338129
0.0002669478494034321   1423.4351350897552   499.25356707106386   163.94082514909513
0.00027128978003724673   1391.6630011467682   488.9441012393409   160.829968120165
0.0002757023325609583   1360.5997874146542   478.8474210646618   157.77810183782725
0.00028018665564591953   1330.2296768438323   468.95913484555786   154.7841077119338
0.00028474391664672446   1300.537205283781   459.2749415210568   151.84688836153683
0.000289375301905095   1271.5072536093896   449.79062879994774   148.96536721280611
0.00029408201705870637   1243.1250400230183   440.50207132866757   146.13848810457054
0.00029886528735503825   1215.3761125282808   431.4052288969922   143.3652149013332
0.00030372635797033115   1188.2463415717557   422.4961446807623   140.64453111362167
0.00030866649433372746   1161.7219128488798   413.7709435208813   137.97543952553517
0.00031368698245668765   1135.7893202703394   405.2258302378282   135.35696182934961
0.0003187891292677646   1110.4353590853873   396.8570879809575   132.7881382670481
0.00032397426295281955   1085.647119158609   388.66107661187345   130.26802727864776
0.0003292437333007769   1061.411978396662   380.634231121161   127.79570515718922
0.00033459891205499747   1037.7175963217019   372.77306007780265   125.37026571026841
0.0003400411932703706   1014.5519077881756   365.0741441105919   122.99081992798196
0.00034557199367621393   991.9031168398013   357.5341344208887   120.65649565716654
0.00035119275304507276   969.7596907036232   350.1497513260761   118.3664372818145
0.000356904934567523   948.1103539180415   342.9177828330701   116.11980540954463
0.0003627100252330648   926.9440825918796   335.83508324127837   113.91577656401877
0.0003686095362172158   906.2500987915198   328.8985717743872   111.75354288318604
0.0003746050032748993   886.0178650532745   322.10523124038895   109.63231182324826
0.0003806979871402284   866.2370790182014   315.452106719267   107.55130586823724
0.0003868900739327976   846.8976681866077   308.9363042777609   105.50976224509547
0.00039318287557057704   827.9897847896041   302.5549897106631   103.50693264415983
0.000399578030189527   809.5038007750705   296.30538730808996   101.54208294494207
0.00040607720257003656   791.4303029054906   290.1847786481955   99.61449294710759
0.0004126820845702952   773.7600879651704   284.1905014148054   97.72345610655506
0.0004193943955667186   756.4841580743758   278.31994823944916   95.8682792764971
0.0004262158829015325   739.5937161080312   272.570565567296   94.04828245345067
0.0004331483223376398   723.0801612166249   266.93985254649425   92.26279852804197
0.00044019351852088743   706.935084447044   261.42535994043266   90.51117304053444
0.0004473533054498463   691.1502644611323   256.02468906245593   88.79276394099307
0.00045462954695323993   675.7176633497496   250.7354907325605   87.10694135399287
0.0004620241371751313   660.6294225402441   245.55546425562918   85.45308734778989
0.0004695390010680058   645.8778587952229   240.48235642075008   83.8305957078666
0.0004771760948938746   631.4554603005959   235.51396052118864   82.23887171477053
0.00048493740673352334   617.3548828409091   230.64811539459   80.67733192616528
0.0004928249570040513   603.5689460599979   225.88270448298573   79.14540396301177
0.0005008407989848212   590.0906298050833   221.2156549122051   77.6425262998046
0.000508987019351968   576.9130705524262   216.64493659028494   76.16814805878386
0.0005172657387216019   564.0295579127333   212.16856132448567   74.72172880804831
0.0005256791122018425   551.4335312145339   207.78458195653513   73.30273836349667
0.0005342293299538352   539.1185761637842   203.49109151571687   71.91065659452286
0.0005429186177618942   527.0784215779959   199.28622238943797   70.54497323339493
0.0005517492376129123   515.3069361932407   195.16814551091883   69.20518768824857
0.0005607234882852032   503.79812554238333   191.1350695636434   67.89080885962478
0.0005698437059469142   492.54612890297415   187.1852402022332   66.60135496048667
0.0005791122647641759   481.5452163132335   183.31693928939902   65.33635333964796
0.000588531577519145   470.7897856546115   179.52848414864144   64.09534030854876
0.0005981040962380938   460.2743597994468   175.81822683237684   62.877860971316146
0.0006078323128297229   449.9935838222566   172.18455340516545   61.6834690580458
0.0006177187597338495   439.9422222732525   168.62588324173635   60.51172676124504
0.00062776601058065   430.1151565126855   165.14066833949786   59.36220457537633
0.0006379766808606282   420.50738210466136   161.72739264523736   58.234481139442664
0.000648353428605472   411.1140062691126   158.38457139571995   57.12814308255816
0.000658898955079995   401.9302453906083   155.110750471892   56.042784872445424
0.0006696160054853222   392.9514225827578   151.9045057664184   54.97800866680633
0.0006805073696735206   384.1729653069462   148.76444256426925   53.93342416750993
0.0006915758828738525   375.5904030442016   145.68919493609178   52.90864847754496
0.0007028244264308346   367.1993650190111   142.67742514410455   51.90330596068507
0.0007142559285543127   358.9955779739114   139.7278230602496   50.917028103813685
0.0007258733650817253   350.97486399374236   136.83910559635717   49.94945338186013
0.000737679760252773   343.1331383784356   134.01001614606878   49.0002271252959
0.0007496781874966877   335.4664075632659   131.23932403827882   48.06900139014309
0.0007618717702322992   327.9707670855099   128.52582400185852   47.155434830448186
0.000774263682681127   320.6423995964623   125.86833564142424   46.259192573172584
0.0007868571506936851   313.4775729178147   123.2657029239285   45.37994609545629
0.0007996554525892347   306.4726381413941   120.71679367584565   44.51737310420796
0.0008126619200091946   299.6240277712993   118.22049909073482   43.6711574179781
0.0008258799387844263   292.928253907492   115.77573324696809   42.84098885107221
0.0008393129498166364   286.381906469909   113.38143263540994   42.026563099860674
0.0008529644499741026   279.98165146220225   111.03655569684713   41.22758163124479
0.0008668379930019774   273.7242292742129   108.74008236896441   40.44375157323719
0.0008809371904473991   267.6064530223205   106.4910136426696   39.67478560761669
0.0008952657125996391   261.62520692682335   104.28837112757796   38.920401864619116
0.0009098272894455558   255.77744472551706   102.13119662646169   38.180323819624036
0.0009246257116405743   250.06018812267376   100.018551718485   37.45428019180108
0.000939664831495469   244.47052527262244   97.94951735103909   36.742004844677524
0.0009549485639791966   239.00560929716244   95.9231934400015   36.04323668859117
0.0009704808877380307   233.66265683605945   93.9386984782469   35.35771958499329
0.000986265846131282   228.43894662987773   91.99516915223643   34.68520225256538
0.0010023075482838643   223.3318181344322   90.09175996652084   34.02543817511649
0.0010186101701559753   218.33867016615437   88.22764287599365   33.37818551122666
0.0010351779556301763   213.45695957768322   86.40200692573453   32.74320700560386
0.0010520152176161591   208.6841999630023   84.614057898285   32.120269902121386
0.0010691263391734772   204.01796039146927   82.86301796820517   31.509145858504308
0.0010865157746525373   199.45586417009034   81.1481253637594   30.90961086263361
0.0011041880508541602   194.99558763340815   79.46863403558403   30.321445150437007
0.0011221477682079803   190.6348589603928   77.82381333219531   29.744433125337224
0.0011403996019700331   186.37145701772593   76.2129476821925   29.178363279227064
0.0011589483034398118   182.2032102288939   74.63533628302106   28.623028114943107
0.001177798701197118   178.12799546851377   73.09029279615956   28.078224070209593
0.0011969557023590429   174.14373698132516   71.5771450485964   27.543751443023858
0.001216424293857368   170.24840532530644   70.09523474047016   27.019414318457503
0.0012362095437367692   166.44001633836584   68.64391715874162   26.505020496844644
0.0012563166024741215   162.7166301280901   67.22256089677653   26.00038142333228
0.0012767507043192645   159.07635008403219   65.83054757971595   25.505312118766394
0.0012975171686575868   155.5173219120349   64.46727159551367   25.019631111888394
0.0013186214013947485   152.03773269010375   63.132139831526494   24.543160372817713
0.0013400688963639508   148.63580994534064   61.82457141653965   24.07572524779513
0.0013618652367560827   145.30982075147406   60.54399746811709   23.617154395163816
0.0013840160965731302   142.05807084652452   59.289860845166295   23.167279722564214
0.0014065272421052363   138.87890377015472   58.061615905609315   22.7259363253196
0.001429404533431761   135.77070002026966   56.85872826905663   22.292962425990552
0.0014526539259467812   132.73187622843062   55.68067458437782   21.8681993150749
0.001476281471909391   129.76088435366879   54.52694230206996   21.451491292832607
0.0015002933220192168   126.85621089428552   53.39702945132432   21.042685612213575
0.001524695727017573   124.01637611723699   52.29044442169339   20.641632422867513
0.0015494950393146315   121.23993330471545   51.2067057492655   20.248184716215988
0.0015746977146430868   118.5254680175371   50.145341907251265   19.862198271565482
0.0016003103137387017   115.87159737496629   49.1058911008929   19.483531603242596
0.0016263395040481906   113.27696935060763   48.087901066606214   19.112045908731595
0.0016527920614648939   110.74026208400645   47.09092887526778   18.74760501779526
0.0016796748720926532   108.26018320761114   46.11454073956312   18.39007534256089
0.001706994934038408   105.83546918874897   45.158311825309966   18.03932582855242
0.0017347593592339325   103.46488468628469   44.221826066676144   17.695227906651244
0.0017629753752872038   101.14722192163302   43.30467598521133   17.357655445968057
0.0017916503273638995   98.88130006380314   42.40646251261322   17.026484707608084
0.0018207916800994624   96.66596462816663   41.526794817152684   16.701594299313538
0.0018504070195423021   94.5000868886368   40.66529013368043   16.38286513096567
0.0018805040551285834   92.38256330296443   39.82157359714265   16.070180370930924
0.001911090621689136   90.31231495085586   38.99527807953271   15.763425403234823
0.0019421746814890244   88.28828698462652   38.186044030207675   15.462487785547777
0.0019737643263002553   86.30944809211302   37.39351931950137   15.167257207968007
0.002005867779508234   84.37478997156637   36.617359085564395   14.877625452585667
0.002038493398252464   82.4833268182622   35.85722558436554   14.593486353813947
0.002071649675602067   80.63409482256505   35.11278804278907   14.314735759472397
0.002105345242766704   78.82615167919096   34.383722514763704   14.041271492608091
0.0021395888713434215   77.05857610742062   33.66971174036163   13.7729933140411
0.00217438947560008   75.33046738201571   32.97044500780488   13.50980288561988
0.002209756114795903   73.64094487460157   32.28561801832018   13.251603734173651
0.0022456979955397718   71.9891476052827   31.61493275378317   12.998301216148324
0.002282224474186896   70.37423380426114   30.958097347093798   12.74980248291292
0.0023193450592744274   68.79538048323774   30.314825955227985   12.506016446724178
0.002357069413996728   67.25178301637386   29.68483863490865   12.26685374733632
0.0023954073587208794   65.74265473060412   29.067861220843135   12.03222671924414
0.002434368873543113   64.26722650508849   28.46362520647357   11.802049359547256
0.0024739641008868114   62.82474637960231   27.871867627188767   11.576237296423797
0.0025142033481427967   61.41447917166228   27.292330945945963   11.354707758201815
0.002555097090352507   60.035706102196876   26.724762941254117   11.13737954301751
0.0025966559729348722   58.68772442956665   26.168916597468343   10.924172989048527
0.0026388908144575132   57.36984709175106   25.62454999734907   10.71500994531193
0.002681812609453013   56.081402356518566   25.09142621683863   10.509813743015954
0.0027254325312810277   54.82173347940095   24.569313222009246   10.30850916745487
0.0027697619350368907   53.59019836930063   24.057983768138712   10.11102243043716
0.002814812360507581   52.38616926155683   23.557215300868343   9.917281143236261
0.002860595535175745   51.20903239830709   23.066789859401364   9.727214290054432
0.0029071233772725753   50.0581877159803   22.58649398169919   9.540752201989836
0.00295440799888038   48.93304853976139   22.1161186116341   9.357826531497222
0.003002461709085549   47.833041284874554   21.655459008058866   9.178370227333165
0.0030512970171828707   46.75760516452972   21.20431465575253   9.002317509976232
0.00310092663593193   45.70619190438583   20.76248917820451   8.82960384751339
0.003151363484866476   44.67826546338504   20.329790252198787   8.66016593198376
0.00320262069365765   43.67330176081454   19.90602952416079   8.493941656170835
0.003254711605531848   42.69078840945965   19.4910225282314   8.330870090835102
0.0033076497807442424   41.73022445470913   19.084588606031275   8.170891462378185
0.0033614490001087688   40.79112011948214   18.68655082808152   8.013947130930712
0.003416123268585525   39.872996554846296   18.296735916846202   7.859979568855748
0.0034716868189265592   38.97538559619911   17.914974171362992   7.7089323396597935
0.003528154115380883   38.09782952489066   17.541099393429874   7.560750077303949
0.003585539857459817   37.239880835163525   17.174948815314874   7.41537846590725
0.0036438589837635483   36.40110200629335   16.816363028958065   7.272764219835015
0.003703126675869923   35.581065279813046   16.465185916634823   7.132855064164851
0.003763358362286533   34.7793524417073   16.121264583049935   6.995599715523008
0.0038245697224669993   33.99555460946733   15.784449288833786   6.860947863284378
0.0038867766908926675   33.22927202389584   15.454593385410591   6.728850151128871
0.003949995461220647   32.48011384555776   15.131553251211278   6.599258158947648
0.004014242490499318   31.74769795577232   14.815188229202864   6.472124385092549
0.004079534503452449   31.031650762044848   14.505360565706997   6.34740222896206
0.004145888496832911   30.33160700784068   14.201935350481744   6.225045973917739
0.004213321743847289   29.647209586602276   13.904780458039555   6.105010770524455
0.004281851798652416   28.978109359916395   13.613766490176774   5.987252620108609
0.004351496500925045   28.32396497973829   13.328766719689192   5.871728358628149
0.004422273980505897   27.684442714581802   13.049657035249194   5.75839564084847
0.004494202662119142   27.05921627958841   12.776315887420989   5.6472129248185565
0.004567301270168747   26.447966670386677   12.508624235789704   5.53813945664141
0.004641588833612782   25.850382000659167   12.24646549718192   5.431135255533412
0.004717084690917013   25.266157343333344   11.989725494954916   5.326161099167049
0.004793808495089107   24.694994575315388   11.738292409332452   5.223178509291546
0.004871780218794631   24.136602225689003   11.492056728765883   5.122149737626384
0.004951020159556351   23.590695327300445   11.250911202298918   5.02303775202223
0.005031548945038057   23.0569952716552   11.014750792915693   4.925806222884387
0.0051133875384143206   22.535229667052167   10.78347263185174   4.830419509853789
0.005196557243827658   22.0251321998828   10.556975973847834   4.736842648740507
0.005281079711934331   21.52644249902546   10.335162153327703   4.645041338705229
0.0053669769455404765   21.0389060032647   10.117934541479912   4.554981929683742
0.005454271305329836   20.562273831669042   9.905198504225758   4.466631410049978
0.005542985515684664   20.096302656860654   9.696861361054655   4.3799573945130765
0.005633142670601352   19.64075458111245   9.492832344709099   4.294928112243911
0.005724766239702178   19.195397015210116   9.293022561701903   4.211512395226961
0.005817880074344936   18.76000256001636   9.097344953648195   4.1296796668329945
0.0059125084138318814   18.334348890677997   8.905714259395555   4.049399930608525
0.0060086758917196805   17.91821864341642   8.718046977935881   3.9706437592779293
0.0061064075422320365   17.511399304843792   8.534261332082552   3.8933822839540952
0.0062057288067765   17.11368310374924   8.354277232897578   3.81758718355381
0.0063066655405674054   16.724866905298914   8.178016244852731   3.7432306744138146
0.006409244019356457   16.344752107596886   8.00540155170985   3.6702855001038506
0.0065134909462727965   15.973144540553971   7.836357923105378   3.598724921432944
0.0066194334587743875   15.609854367012572   7.670811681824513   3.528522706645168
0.006727099135712337   15.254695986078158   7.508690671750977   3.4596531218014737
0.0068365160045102385   14.907487938607053   7.349924226478147   3.392090921343853
0.00694771254846024   14.56805281480312   7.194443138568101   3.325811338838518
0.007060717714137766   14.236217163876148   7.042179629445195   3.260790077894651
0.0071755609189369214   13.911811405715635   6.893067319910902   3.1970033032553653
0.007292272058728313   13.594669744535693   6.747041201267431   3.134427632057724
0.00741088151564157   13.284630084446215   6.604037607037151   3.073040125258441
0.007531420165974375   12.981533946907993   6.4639941852658165   3.012818279222268
0.007653919388230156   12.685226390029431   6.326849871397414   2.9537400174699
0.007778411071286483   12.395555929663985   6.192544861708915   2.8957836825824175
0.00790492762269642   12.112374462267717   6.0610205872931875   2.8389280282592373
0.008033501977124734   11.835537189478442   5.9322196885791145   2.7831522115267613
0.008164167604921472   11.564902544377219   5.806085990377392   2.7284357850947543
0.008296958520834915   11.300332119395204   5.6825644774414865   2.674758689857709
0.008431909292866252   11.041690595828985   5.561601270532977   2.622101247538446
0.008569055051268348   10.788845674928366   5.443143602980824   2.570444153471208
0.008708431497690725   10.541668010521953   5.327139797724592   2.5197684695216966
0.008850074914473439   10.300031143145628   5.213539244831328   2.4700556171413277
0.008994022174092054   10.063811435640828   5.102292379476555   2.421287370553254
0.009140310748756222   9.832888010189711   4.993350660379704   2.37344585006762
0.009288978720164497   9.607142686754951   4.886666548684557   2.3265135155235783
0.009440064789417604   9.386459922893298   4.7821934872757055   2.2804731598557373
0.009593608287093146   9.17072675491166   4.679885880521764   2.2353079027825693
0.009749649183484097   8.959832740336156   4.579699074436712   2.1910011846145534
0.009908228099003788   8.753669901664763   4.481589337250679   2.1475367601797446
0.010069386314760271   8.552132671374707   4.38551384038168   2.104898692864527
0.01023316578330245   8.355117838157057   4.291430639800131   2.063071348767429
0.010399609139541204   8.162524494350565   4.1992986577779075   2.022039390963766
0.01056875971184805   7.974253984548437   4.109077665014076   1.9817877738790695
0.010740661533334323   7.7902098553516685   4.020728263129535   1.9423017377692207
0.01091535935331391   7.610297806243313   3.934211867522868   1.903566803305247
0.011092898648952227   7.434425641558954   3.849490690580111   1.8655687662608473
0.011273325637104871   7.262503223528504   3.7665277252309157   1.8282936923006143
0.011456687286348726   7.094442426365747   3.685286728844127   1.7917279118671146
0.011643031329208756   6.930157091382132   3.60573220745569   1.7558580151649141
0.01183240627458378   6.769562983101862   3.527829400322   1.7206708472397008
0.012024861420374122   6.61257774635625   3.4515442647921106   1.6861535031507522
0.012220446866314887   6.459120864335058   3.3768434614920095   1.6522933232348964
0.012419213527017846   6.30911361757379   3.303694339814692   1.6190778884602899
0.012621213145225461   6.162479043855938   3.232064923709642   1.5864950158682853
0.012826498305280598   6.019141899009696   3.161923897765501   1.554532754101697
0.01303512244681509   5.879028618579405   3.0932405935800125   1.5231793790178796
0.013247139878661175   5.742067280351891   3.0259849764111166   1.492423389384937
0.013462605792989111   5.608187567718875   2.9601276321035352   1.462253502659529
0.013681576279674704   5.477320733856714   2.895639754285098   1.4326586508447159
0.013904108340900697   5.3493995667050935   2.832493131827213   1.4036279764262962
0.014130259905995337   5.22435835472719   2.770660136564132   1.3751508283862028
0.014360089846512606   5.10213285343345   2.710113711265516   1.3472167582914187
0.014593657991557577   4.982660252652202   2.6508273578571804   1.3198155164570267
0.014831025143361029   4.865879144530404   2.592775125884856   1.2929370481819762
0.015072253093107555   4.7517294922480735   2.535931601215902   1.2665714900561538
0.015317404637020799   4.640152599430765   2.480271894974183   1.2407091663374603
0.01556654359271062   4.5310910802441855   2.4257716327031122   1.2153405853974943
0.015819734815786014   4.424488830155938   2.372406943752296   1.1904564362345824
0.01607704421673822   4.320290997349445   2.320154450883088   1.1660475850528615
0.016338538778098603   4.218443954775429   2.2689912600885176   1.1421050719061396
0.016604286571875296   4.118895272826887   2.2188949506232434   1.1186201074053481
0.016874356777273756   4.021593692623427   2.169843565239084   1.0955840694883094
0.01714881969870541   3.9264890998915014   2.1218156006219373   1.072988500250681
0.017427746784089173   3.8335324994272364   2.0747899980259334   1.050825102836902
0.017711210643450867   3.7426759901287197   2.028746134100683   1.0290857383899654
0.017999285067824763   3.653872740585264   1.9836638119077297   1.007762423058964
0.01829204504846294   3.5670769652109664   1.9395232521221775   0.9868473250632188
0.01858956679635688   3.482243900910553   1.8963050844157434   0.9663327618119893
0.018891927762076644   3.3993297842656145   1.8539903390174612   0.9462111970786575
0.01919920665593283   3.3182918292295263   1.8125604384483325   0.9264752382283545
0.019511483468466165   3.2390882053198626   1.7719971894264028   0.9071176334980393
0.019828839491270712   3.1616780162969893   1.7322827749386371   0.8881312693279774
0.020151357338155585   3.0860212793181288   1.693399746476212   0.8695091677436764
0.020479120966650832   3.0120789045562346   1.6553310164298312   0.8512444837873003
0.02081221569986337   2.9398126752732363   1.61805985064171   0.8333305029976055
0.021150728248687946   2.8691852283376593   1.5815698611110744   0.8157606389375037
0.021494746734379806   2.8001600351765004   1.5458449988498881   0.7985284307682959
0.021844360711494284   2.7327013831517974   1.5108695468857742   0.7816275408697136
0.022199661191199524   2.6667743573523714   1.4766281134090584   0.7650517525048867
0.022560740664968593   2.6023448227914066   1.4431056250609238   0.7487949675293558
0.022927693128656487   2.5393794070009443   1.410287320359825   0.7328512041433257
0.023300614106969247   2.477845483014242   1.3781587432631996   0.7172145946862803
0.023679600678330786   2.417711152727476   1.3467057368617499   0.7018793834731823
0.024064751500154215   2.3589452306322403   1.3159144372035152   0.686839924671447
0.02445616683452444   2.3015172279105456   1.285771267245029   0.6720906802178955
0.024853948574297985   2.24539733688432   1.2562629309269833   0.6576262177749483
0.025258200269627846   2.190556415811332   1.2273764073717388   0.6434412087252673
0.02566902715491952   2.1369659740199163   1.19909894520021   0.6295304262041306
0.026086536176225507   2.084598157374878   1.1714180569656316   0.6158887431688053
0.02651083601908536   2.033425734067186   1.1443215137017744   0.6025111305042072
0.026942037136818822   1.9834220807201823   1.1177973395832261   0.5893926551641353
0.027380251779278577   1.9345611688053226   1.0918338066954592   0.5765284783474227
0.02782559402207126   1.8868175513603977   1.0664194299123255   0.56391385370829
0.02827817979625344   1.8401663500035714   1.0415429618788123   0.5515441256002731
0.028738126918510635   1.7945832422365855   1.0171933880968436   0.5394147273530557
0.029205555121827452   1.7500444490306344   0.9933599221119752   0.527521179581574
0.029680586086656024   1.7065267226886716   0.9700320007989253   0.5158590885267782
0.03016334347259197   1.664007334977852   0.9471992797438302   0.5044241444274162
0.0306539529505653   1.6224640655261497   0.9248516287212512   0.4932121199222521
0.03115254223555485   1.5818751904772124   0.9029791272639506   0.48221886848212375
0.03165924111983521   1.5422194713976412   0.8815720603234857   0.4714403228712507
0.03217418150676372   1.5034761444311393   0.8606209140197753   0.46087249363724236
0.03269749744511768   1.4656249096938772   0.8401163714777254   0.4505114676292191
0.03322932516398975   1.4286459209057718   0.8200493087491421   0.4403534065435194
0.03376980310825088   1.3925197752523621   0.8004107908181394   0.43039454549644385
0.03431907197459043   1.357227503472094   0.7811920676882862   0.4206311916235026
0.03487727474814178   1.3227505601640328   0.7623845705498251   0.41105972270466484
0.035444556739704355   1.2890708143109846   0.7439799080252392   0.40167658581507504
0.036021065623570735   1.256170540013257   0.7259698624915697   0.3924782960007543
0.036606951475968985   1.2240324074283178   0.7083463864778673   0.3834614349787886
0.03720236681413066   1.1926394739117296   0.6911015991361918   0.37462264986151717
0.03780746663599349   1.1619751753548928   0.6742277827846612   0.3659586519042627
0.03842240846055061   1.132023317715113   0.657717379520992   0.35746621527611755
0.03904735236885564   1.1027680687337407   0.6415629879050917   0.34914217585334556
0.03968246104569478   1.074193949838147   0.6257573597092441   0.3409834300349467
0.040327899821937054   1.046285828223386   0.610293396734461   0.33298693357994014
0.040983836717572615   1.019028909109576   0.595164147691645   0.32514970046594843
0.04165044248545185   0.9924087281709824   0.5803628051461597   0.31746880176863995
0.04232789065573553   0.9664111441329981   0.56588270252451   0.3099413645616295
0.04301635758106791   0.9410223315332437   0.5517173111818177   0.3025645708364228
0.043716022482485024   0.9162287736430788   0.5378602375288042   0.2953356564420014
0.044427067496068826   0.8920172555459754   0.5243052202170592   0.28825191004366757
0.04514967772036102   0.8683748573691664   0.5110461273813293   0.2813106721007463
0.04588404126454761   0.8452889476651742   0.4980769539376619   0.27450933386277937
0.046630349297427265   0.8227471769398339   0.48539181893620864   0.26784533638383495
0.047388796097176514   0.8007374713235088   0.4729849629675396   0.2613161695545661
0.048159579101923505   0.7792480263823239   0.4608507456213577   0.25491937115167007
0.048942898961145315   0.7582673010662054   0.4489836429964806   0.24865252590438477
0.04973895958790068   0.7377840117907069   0.43737824526103164   0.2425132645776883
0.050547968211912354   0.7177871266495859   0.4260292542617728   0.2364992630718605
0.05137013543351339   0.6982658597551882   0.414931481181535   0.23060824153807194
0.052205675278469754   0.6792096657038003   0.40407984424375254   0.22483796350968713
0.05305480525369574   0.6606082341631059   0.39346936646307934   0.21918623504894863
0.053917746403875054   0.6424514845790434   0.38309517344113103   0.2136509039087404
0.05479472336900281   0.6247295609993588   0.37295249120639795   0.20822985870912153
0.05568596444286409   0.6074328270112244   0.3630366440973845   0.20292102812832724
0.056591701632462424   0.5905518607903835   0.3533430526880836   0.19772238010795212
0.057512170718416133   0.5740774502592734   0.3438672317548633   0.19263192107201504
0.05844761131633638   0.5580005883517009   0.3346047882839118   0.18764769515963428
0.059398266939203505   0.5423124683816709   0.3255514195183767   0.1827677834710311
0.06036438506075864   0.5270044795140018   0.3167029110443514   0.17799030332659052
0.06134621717992506   0.5120682023344818   0.30805513491491004   0.1733134075387216
0.06234401888627864   0.49749540451727464   0.29960404781135996   0.16873528369624713
0.06335804992658255   0.48327803658742396   0.29134568924094567   0.16425415346107702
0.06438857427240413   0.4694082277763055   0.2832761797702302   0.15986827187691552
0.0654358601888323   0.4558782819679277   0.27539171929339323   0.1555759266897556
0.06650018030431118   0.44268067373406594   0.2676885853347308   0.15137543767993247
0.0675818116816111   0.4298080444561972   0.2601631313846117   0.14726515600549353
0.06868103588995307   0.417253198532315   0.2528117852682074   0.14324346355666676
0.06979813907830652   0.40500909966670423   0.24563104754629805   0.1393087723212033
0.0709334120498799   0.39306886724081297   0.2386174899474815   0.13545952376037773
0.07208715033782136   0.3814257727634193   0.23176775383114087   0.13169418819544254
0.0732596542821523   0.37007323639829054   0.22507854868051033   0.12801126420432224
0.07445122910795143   0.35900482356761665   0.21854665062522624   0.12440927802835536
0.07566218500481048   0.34821424162951986   0.21216890099274746   0.12088678298888922
0.07689283720758305   0.337695336627974   0.20594220488804169   0.11744235891353443
0.07814350607844542   0.32744209011353814   0.19986352980096803   0.11407461157190443
0.0794145171902934   0.3174486160332985   0.19392990424076917   0.11078217212065343
0.08070620141149508   0.30770915768849627   0.18813841639713066   0.10756369655764594
0.08201889499202211   0.29821808475832884   0.18248621282726016   0.1044178651850896
0.08335293965098187   0.2889698903884561   0.17697049716846086   0.10134338208146967
0.08470868266557402   0.27995918834277367   0.17158852887568   0.09833897458212773
0.08608647696149245   0.2711807102170671   0.16633762198354254   0.09540339276833927
0.08748668120479915   0.2626293027131613   0.16121514389236696   0.09253540896473783
0.08890965989529168   0.2542999249722489   0.15621851417770008   0.08973381724495166
0.0903557834613892   0.2461876459660931   0.15134520342290525   0.08699743294531788
0.09182542835656282   0.2382876419448317   0.14659273207435164   0.08432509218654313
0.0933189771573324   0.2305951939401634   0.14195866931877896   0.08171565140319498
0.09483681866285927   0.22310568532268998   0.1374406319824003   0.07916798688089838
0.09637934799615795   0.2158145994122568   0.13303628345134313   0.07668099430113329
0.09794696670695385   0.2087175171401423   0.128743332613026   0.07425358829352513
0.09954008287621519   0.20181011476197827   0.12455953281808377   0.07188470199552831
0.10115911122238297   0.19508816162032763   0.12048268086247449   0.06957328661941276
0.10280447320933098   0.18854751795584768   0.11651061598939766   0.06731831102646137
0.10447659715608053   0.18218413276602205   0.1126412189106821   0.06511876130830027
0.1061759183482999   0.1759940417104575   0.10887241084730469   0.06297364037528602
0.10790287915161836   0.1699733650617675   0.10520215258871266   0.060881967551878496
0.10965792912678099   0.16411830570111002   0.10162844357064478   0.05884277817894113
0.11144152514667881   0.158425147157442   0.09814932097114104   0.05685512322290593
0.11325413151528127   0.15289025168961104   0.09476285882446023   0.05491806889175723
0.11509622008850312   0.1475100584104115   0.09146716715262605   0.0530306962577885
0.11696827039703847   0.14228108145176036   0.08826039111433569   0.05119210088709353
0.11887076977119033   0.13719990817018565   0.0851407101709841   0.04940139247576409
0.12080421346773289   0.13226319739182274   0.08210633726955581   0.04765769449276506
0.12276910479883604   0.1274676776961601   0.07915551804216013   0.045960143829471584
0.12476595526308684   0.12281014573778878   0.07628653002199227   0.044307890455856265
0.1267952846786434   0.11828746460543223   0.07349768187551133   0.042700097083319545
0.1288576213185518   0.11389656221757048   0.07078731265064815   0.04113593883416835
0.13095350204826678   0.10963442975397378   0.06815379104085297   0.03961460291774667
0.1330834724654076   0.1054981201225048   0.06559551466481785   0.03813528831323633
0.1352480870417874   0.10148474646055997   0.06311090936171297   0.036697205459147474
0.13744790926775366   0.09759148067054293   0.060698428501787284   0.03529957594952664
0.13968351179887398   0.09381555198879529   0.05835655231220246   0.03394163223691904
0.14195547660501015   0.09015424558741437   0.05608378721796851   0.032622617342122504
0.14426439512181588   0.08660490120842658   0.05387866519787142   0.031341784570783154
0.1466108684046983   0.08316491182979668   0.0517397431552896   0.030098397236885937
0.14899550728528538   0.07983172236277425   0.049665602303804714   0.028891728393198753
0.1514189325304352   0.07660282838010803   0.04765484756753072   0.027721060568739256
0.15388177500383463   0.07347577487466497   0.04570610699608503   0.02658568551333304
0.15638467583022478   0.07044815504802461   0.043818031194145964   0.02548490394934382
0.15892828656229763   0.06751760912863235   0.04198929276554568   0.024418025330658528
0.16151326935030896   0.06468182321911335   0.04021858577185767   0.023384367609015813
0.16414029711444664   0.061938528172377376   0.0385046252054529   0.022383257007774632
0.1668100537200059   0.059285498496148316   0.03684614647699973   0.02141402780321955
0.16952323415541215   0.05672055128558626   0.03524190491740028   0.02047602211350891
0.17228054471313922   0.054241545183678665   0.03369067529416039   0.019568589695373898
0.17508270317357233   0.051846379369096085   0.03219125134219864   0.018691087748680005
0.17793043899185773   0.04953299257123157   0.030742445309112822   0.017842880728969127
0.18082449348779517   0.04729936211214835   0.02934308751492233   0.0170233401680989
0.18376562003881725   0.04514350297518799   0.02799202592631972   0.016231844503102926
0.18675458427610742   0.043063466900000645   0.02668812574546723   0.015467778913395338
0.18979216428390994   0.04105734150377481   0.02543026901338055   0.014730535166444621
0.19287915080207776   0.03912324942846367   0.024217354227951172   0.01401951147204462
0.19601634743191856   0.0372593475138106   0.023048295976657758   0.013334112345307547
0.19920457084538712   0.03546382599599806   0.02192202458402677   0.01267374847850646
0.20244465099768016   0.033734907731752584   0.02083748577390315   0.012037836621891689
0.20573743134329117   0.03207084744775011   0.01979364034659446   0.011425799473603608
0.209083769055575   0.030469931015181615   0.018789463870956303   0.010837065578802667
0.21248453524988828   0.028930474749341406   0.017823946391482694   0.010271069238130781
0.21594061521035676   0.02745082473411788   0.01689609215047025   0.009727250425616181
0.21945290862033115   0.026029356171269606   0.01600491932531981   0.009205054716125774
0.22302232979659364   0.024664472754377782   0.015149459781037771   0.008703933222462185
0.22664980792736927   0.02335460606737533   0.014328758837997169   0.008223342542195325
0.23033628731421313   0.022098215007551315   0.01354187505500951   0.0077627447143063105
0.23408272761782944   0.02089378523293955   0.012787880027755957   0.007321607185712747
0.23789010410788908   0.019739828633998063   0.01206585820261574   0.006899402787730475
0.24175940791691283   0.018634882829487276   0.011374906705920123   0.006495609722512973
0.245691646298279   0.017577510686456518   0.010714135188650846   0.00610971155949509
0.24968784288843268   0.01656629986424034   0.01008266568658517   0.005741197241848683
0.2537490379733572   0.015599862382366846   0.009479632495878024   0.005389561102940729
0.25787628875938035   0.014676834212270501   0.008904182064052574   0.005054302892762815
0.262070669648385   0.01379587489269444   0.008355472896352072   0.004734927814278808
0.26633327251749805   0.0129556671686557   0.007832675477384088   0.0044309465696131005
0.27066520700332414   0.01215491665383582   0.007334972207965843   0.004141875415976379
0.2750676007908067   0.011392351516240327   0.00686155735705129   0.0038672362311965767
0.27954159990678595   0.010666722186955888   0.006411637028594423   0.0036065565886939997
0.2840883690183301   0.009976801091811729   0.005984429143171245   0.0033593698417069464
0.28870909173592346   0.009321382405727732   0.005579163434149335   0.0031252152165401627
0.2934049709215787   0.008699281829507714   0.005195081458159065   0.002903637914573371
0.29817722900196736   0.008109336388803083   0.0048314366195797865   0.00269418922272802
0.3030271082866399   0.007550404254942998   0.004487494208714677   0.0024964266320518223
0.3079558712914223   0.007021364587288795   0.004162531453282509   0.002309913964038338
0.312964801067075   0.006521117396731428   0.0038558375828076424   0.0021342215042555045
0.318055201533292   0.00604858342990865   0.0035667139054402527   0.001968926142812265
0.32322839781813806   0.005602704073669482   0.003294473896684801   0.0018136115211449147
0.3284857366030047   0.005182441279265309   0.0030384432994605072   0.0016678681845573244
0.33382858647317576   0.004786777505690998   0.002797960234858643   0.001531293739899222
0.3392583382740992   0.004414715681540996   0.002572375322900639   0.0014034930177161068
0.3447764054734464   0.004065279184683799   0.0023610518125381885   0.0012840782381531486
0.3503842245290676   0.003737511838989845   0.002163365720069828   0.001172669179842724
0.35608325526292817   0.00343047792727878   0.001978705975081582   0.0010688933509533463
0.36187498124112766   0.003143262219576311   0.0018064745729487938   0.0009723861615249371
0.3677609101601031   0.0028749700156919674   0.0016460867328648512   0.0008827910961633919
0.3737425742391064   0.0026247272010470565   0.001496971060290062   0.0007997598861163832
0.37982153061907364   0.002391680314594028   0.0013585697126393124   0.0007229526797019553
0.3859993617679771   0.0021749966275795307   0.001230338566953632   0.0006520382100138088
0.39227767589277157   0.001973864231808727   0.001111747388225863   0.0005866939587811037
0.39865810735804386   0.0017874921359717802   0.0010022799969769435   0.0005266063152179409
0.40514231711146476   0.0016151103684940355   0.0009014344346068791   0.0004714707286587041
0.4117319931161679   0.0014559700852686069   0.0008087231249733143   0.0004209918537404902
0.41842885079015846   0.0013093436805270422   0.000723673030583052   0.0003748836868645762
0.42523463345286777   0.0011745248989982876   0.0006458258017172809   0.00033286969264517707
0.4321511127789762   0.0010508289474007349   0.0005747379167514798   0.0002946829190370558
0.4391800892596086   0.0009375926032075178   0.0005099808118771322   0.00026006609982472475
0.4463233926710397   0.0008341743185210574   0.00045114099838484907   0.00022877174315558696
0.4535828825510191   0.0007399543167925214   0.00039782016562984215   0.00020056220480905052
0.4609604486828429   0.000654334680024418   0.0003496352677710185   0.00017520974491374363
0.46845801158730455   0.0005767394240029103   0.0003062185923565769   0.00015249656685691637
0.4760775230226368   0.0005066145590219588   0.0002672178088233007   0.00013221483717486756
0.4838209664925957   0.00044342813348525236   0.0002322959949850075   0.00011416668527156904
0.4916903577628031   0.00038667025770745426   0.00020113163961036647   9.816418188595143e-05
0.4996877453854879   0.00033585310518448157   0.00017341861923255014   8.402929531705826e-05
0.5078152112327671   0.0002905108885668166   0.00014886614739535495   7.159382452158847e-05
0.5160748710385907   0.0002501998075527227   0.0001271986946242753   6.069930832087413e-05
0.5244688749495119   0.00021449796592233324   0.00010815587751825273   5.1196910094564064e-05
0.5329994080844094   0.00018300525496294507   9.149231549075648e-05   4.294727749682548e-05
0.5416686911033146   0.00015534320059310412   7.697745384885217e-05   3.582037690768859e-05
0.5504789807854967   0.00013115477158249044   6.439535208796662e-05   2.9695302527313608e-05
0.5594325706169377   0.0001101041463899377   5.354443649960048e-05   2.44600602340202e-05
0.5685317913873753   9.187643630695648e-05   4.4237216440408405e-05   2.001132655705502e-05
0.5777790117970507   7.617736280348711e-05   3.629996389502137e-05   1.6254183361211967e-05
0.587176639073325   6.27328872299528e-05   2.9572356281966295e-05   1.3101829100757556e-05
0.596727119597331   5.128879133940636e-05   2.3907082802134944e-05   1.0475267772501518e-05
0.6064329395408061   4.161020745946055e-05   1.91694150117025e-05   8.302976979440485e-06
0.6162966255132942   3.3481097569140125e-05   1.523674271458234e-05   6.520556803667733e-06
0.6263207452198692   2.670368102393008e-05   1.199807671102431e-05   5.070361476031715e-06
0.6365079081295565   2.109781122498095e-05   9.353520405051927e-06   3.901116115331296e-06
0.6468607661546321   1.6500302146759308e-05   7.213712759197709e-06   2.9675210859615502e-06
0.6573820143409586   1.2764206320797823e-05   5.499245583957205e-06   2.229846783354591e-06
0.6680743915695615   9.758046619072128e-06   4.14005865340231e-06   1.653521894037544e-06
0.6789406812696113   7.365004984069516e-06   3.0748166375684475e-06   1.208718383740309e-06
0.6899837121430011   5.482072105816882e-06   2.25027232462187e-06   8.699366342162135e-07
0.7012063589007177   4.019162937541676e-06   1.620621057528651e-06   6.15594268414579e-07
0.7126115430111746   2.898203855473567e-06   1.1468517150345107e-06   4.2762226533108255e-07
0.7242022334607315   2.0521981838930784e-06   7.96099907366878e-07   2.910719614077874e-07
0.7359814475265771   1.4242776977974133e-06   5.410093137036712e-07   1.9373645651603782e-07
0.7479522515621814   9.667485503934901e-07   3.5910724042315403e-07   1.257897821948566e-07
0.7601177617955323   6.401408128518918e-07   2.3220050530292027e-07   7.944694253919372e-08
0.77248114514034   4.122714151632509e-07   1.457976325267096e-07   4.864760097364449e-08
0.785045620020451   2.573306900784458e-07   8.856305779190822e-08   2.876575935834737e-08
0.7978144572076629   1.5500289378588605e-07   5.180857674603118e-08   1.6347263722212268e-08
0.8107909806731678   8.963095270263536e-08   2.9026613767161186e-08   8.876382457802664e-09
0.8239785684528511   4.943521349628652e-08   1.5469040044312298e-08   4.572052538994439e-09
0.8373806535266489   2.579510865906978e-08   7.774238778932058e-09   2.2136975948743972e-09
0.8510007247122247   1.2601361995468314e-08   3.643922831260947e-09   9.958147596126557e-10
0.8648423275731727   5.684638154876569e-09   1.5698930252052005e-09   4.098368175894254e-10
0.8789090653419963   2.324408508154304e-09   6.095366677559798e-10   1.5113824667497637e-10
0.893204599858096   8.393206465911051e-10   2.0747495416604497e-10   4.8506611104223734e-11
0.9077326525210223   2.5762309371687616e-10   5.945844531369121e-11   1.2982139301822956e-11
0.9224970052592174   6.336017386627073e-11   1.347534873157831e-11   2.711874374427606e-12
0.9375015015145289   1.13093683098602e-11   2.1746207803024506e-12   3.9575953500981564e-13
0.9527500472427299   1.2169885836175414e-12   2.0527916972066768e-13   3.277909165649959e-14
0.9682466119303114   5.206064594979751e-14   7.289766945070843e-15   9.664870961430586e-16
0.9839952296278226   2.344486632881507e-16   2.3810740558978457e-17   2.2900990710809913e-18
1.0   0.0   0.0   0.0
