# Hadron Inelastic Scattering Cross Section
# s / GeV**2 # sig (proton) / mb # sig (pion) / mb # sig (kaon) / mb
10.0   48.315034763607976   24.258120966486977   20.088881239295556
10.209606623060465   48.11380675611789   24.174810947455505   20.02024296550097
10.423606739764017   47.91473652304567   24.092482340558767   19.952474227238362
10.642092440647241   47.71780449412655   24.011127732721192   19.88556817954289
10.865157746525384   47.522991293385054   23.930739780244913   19.819518046703713
11.092898648952227   47.33027773718988   23.851311208150886   19.75431712155326
11.325413151528116   47.13964483232798   23.772834809526245   19.689958764763755
11.56280131207376   46.951073774098155   23.695303444877794   19.626436404150848
11.80516528568805   46.76454594442367   23.618710041491603   19.563743533984383
12.052609368708426   46.58004290998385   23.543047592798597   19.50187371430613
12.305240043592615   46.39754642036427   23.46830915774616   19.4408205702545
12.563166024741209   46.21703840622565   23.394487860175627   19.380577791396057
12.826498305280605   46.03850097749096   23.321576888205623   19.321139131063926
13.095350204826671   45.8619164215508   23.249569493621244   19.262498405702814
13.369837418249466   45.68726720148666   23.17845899126896   19.204649494220785
13.650078065460137   45.514535954312066   23.108238758457222   19.14758633734756
13.936192742241428   45.34370548923125   23.038902234362677   19.091302936999387
14.228304572143527   45.17475878591539   22.970442919442032   19.03579335565034
14.526539259467812   45.007678992795974   22.9028543748494   18.981051715710002
14.831025143361044   44.84244942537541   22.836130221859143   18.927072198907503
15.14189325304352   44.6790535645544   22.770264141294152   18.873849045681787
15.459277364194778   44.517475054976124   22.705249872959474   18.821376554578073
15.783314056521172   44.3576977033871   22.641081215081307   18.769649081650506
16.114142772530197   44.199705477014305   22.577752023751266   18.718661039870796
16.451905877536625   44.04348250195863   22.51525621237584   18.66840689854293
16.79674872092653   43.88901306160441   22.453587751131046   18.61888118272379
17.1488196987054   43.7362815950448   22.39274066642222   18.570078472649676
17.508270317357244   43.58527269552311   22.332709040348885   18.521993403168672
17.875255259042355   43.435971108889454   22.273487010174644   18.474620663178726
18.249932448161523   43.28836173207313   22.21506876780204   18.427954995071502
18.6324631193156   43.14242961157008   22.157448559252394   18.381991194181833
19.02301188668945   42.998159941945566   22.100620684150492   18.33672410824279
19.421746814890255   42.855538064351904   22.04457949521413   18.29214863684627
19.828839491270713   42.71454946506084   21.989319397748474   18.248259730909083
20.24446509976804   42.57517977401081   21.934834849145133   18.20505239214445
20.66880249629082   42.43741476336863   21.881120358385996   18.162521672538862
21.102034285685956   42.30124034610552   21.828170485551645   18.120662673834246
21.544346900318832   42.16664257458759   21.775979841334504   18.07947054701544
21.99593068030075   42.03360763918008   21.724543086556437   18.038940491802776
22.45697995539774   41.902121866865976   21.67385493169099   17.999067756149923
22.927693128656486   41.77217171987803   21.623910136390045   17.95984763574675
23.408272761782932   41.64374379434477   21.574703509014928   17.92127547352727
23.898925662310504   41.51682481894989   21.526229906171988   17.88334665918256
24.399862972595503   41.39140165360512   21.478484232252452   17.846056628678685
24.911300260677884   41.26746128813629   21.43146143897664   17.80940086377938
25.433457613046496   41.144990840982615   21.3851565249425   17.773374891573777
25.96655972934871   41.0239775579089   21.33956453517828   17.73797428400871
26.51083601908539   40.90440881073071   21.29468056069953   17.703194657425957
27.06652070033241   40.7862720960522   21.25049973807014   17.669031672104037
27.6338529005317   40.669555034016625   21.20701724896761   17.635481031804726
28.21307675939472   40.55424536706925   21.164228319752304   17.602538483324185
28.804441533962965   40.44033095873279   21.12212822104083   17.570199816048596
29.40820170587064   40.32779979239485   21.08071226728336   17.53846086151435
30.024617090855493   40.216639970107735   21.039975816344974   17.50731749297265
30.653952950565266   40.106839711400035   20.999914269090887   17.476765624958613
31.29648010670752   39.99838735210022   20.960523068975593   17.446801212864646
31.95247505759212   39.89127134317196   20.921797701635878   17.417420252518212
32.622220097116696   39.78548024956106   20.883733694487628   17.38861877976388
33.30600343624589   39.6810027490539   20.8463266163264   17.36039287004959
34.00411932703706   39.57782763114732   20.80957207693184   17.332738638017112
34.71686818926561   39.47594379592977   20.773465726675678   17.30565223709669
35.44455673970435   39.37534025297366   20.73800325613351   17.2791298591058
36.18749812411281   39.276006120238684   20.70318039570017   17.25316773385191
36.94601205199302   39.17793062298629   20.668992915208722   17.22776212873937
37.720424934169976   39.081103092704716   20.635436623553034   17.202909348380196
38.511070023255705   38.98551296604501   20.60250736831387   17.178605734208876
39.3182875570577   38.89114978376754   20.570201035388543   17.154847664101034
40.14242490499322   38.798003189699045   20.53851354862397   17.13163155199598
40.983836717572615   38.706062929700146   20.507440869453234   17.1089538475231
41.8428850790158   38.615318850643085   20.47697899653552   17.086811035632003
42.71993966306779   38.52576089939973   20.447123965399427   17.06519963622644
43.615377892080055   38.437379121839655   20.417871848089646   17.04411620380193
44.529585099426555   38.35016366183825   20.389218752816944   17.023557327087094
45.462954695323994   38.26410476029471   20.361160823611435   17.00351962868854
46.41588833612777   38.17919275415977   20.33369423997906   16.983999764739448
47.38879609717654   38.09541807547329   20.30681521656139   16.96499442455165
48.38209664925957   38.01277125041127   20.280520002798493   16.94650033027128
49.396217438783204   37.931242898342504   20.254804882595074   16.92851423653787
50.431594871713585   37.850823730894575   20.22966617398966   16.911032930146945
51.48867450137492   37.771504551029246   20.205100228826957   16.894053229716036
52.56791122018422   37.69327625212693   20.181103432433208   16.877571985354024
53.66976945540476   37.6161298170805   20.157672203294695   16.861586078333925
54.794723369002874   37.540056317397934   20.134802992739125   16.84609242076891
55.94325706169378   37.465046912314065   20.112492284620128   16.831087955291654
57.11586478126432   37.391092847911096   20.090736595004632   16.81656965473693
58.313051135262214   37.31818545624795   20.069532471863198   16.80253452182741
59.535331308143704   37.246316154498274   20.04887649476327   16.78897958886266
60.7832312829723   37.17547644409703   20.02876527456528   16.775901917411275
62.05728806776501   37.10565790989559   20.009195453121595   16.76329859800615
63.35804992658251   37.036852219325354   19.990163702978332   16.751166749842824
64.68607661546328   36.96905112156954   19.971666727079914   16.73950352048092
66.04193962330305   36.90224644674339   19.953701258476418   16.728306085548528
67.42622241778342   36.83643010508243   19.936264060033682   16.7175716484497
68.83952069645497   36.77159408613893   19.91935192414611   16.70729744007478
70.28244264308348   36.70773045798633   19.90296167245217   16.697480718513795
71.75560918936928   36.64483136643148   19.887090155552563   16.68811876877265
73.2596542821523   36.582889034235   19.87173425273105   16.679208902492274
74.79522515621821   36.52189576033914   19.856890871677855   16.670748457670552
76.36298261282242   36.461843919103515   19.84255694821569   16.66273479838711
77.96360130405233   36.40272595954833   19.82872944602837   16.655165314530894
79.59777002314986   36.34453440460529   19.815405356391924   16.648037421530486
81.26619200091946   36.28726185037587   19.802581697908234   16.64134856008716
82.96958520834907   36.230900965396955   19.790255516241213   16.635096195910656
84.70868266557402   36.17544448991393   19.778423883855417   16.629277819457606
86.48423275731722   36.12088523516088   19.767083899757104   16.623890945672656
88.29699955494092   36.06721608264803   19.756232689237745   16.618933113732158
90.14776314524917   36.014429983456274   19.745867403619936   16.614401886790475
92.03731996618221   35.96251995753871   19.735985220005652   16.610294851728902
93.9664831495469   35.91147909302919   19.726583341026924   16.606609618907047
95.93608287093141   35.86130054555772   19.717658994598796   16.603343821916827
97.94696670695396   35.8119775375726   19.70920943367463   16.600495117338856
100.0   35.763503357669535   19.701231936003694   16.598061184501393
102.09606623060465   35.71587135992721   19.69372380389102   16.596039725241685
104.23606739764011   35.66907496324953   19.686682363959523   16.594428463669708
106.42092440647247   35.62310765071458   19.68010496691433   16.593225145934372
108.65157746525384   35.57796296892981   19.67398898730934   16.592427539992013
110.92898648952227   35.53363452739383   19.668331823315945   16.592033435377306
113.25413151528114   35.49011599786451   19.663130896493975   16.59204064297643
115.62801312073753   35.44740111373332   19.658383651564687   16.59244699480259
118.05165285688055   35.40548366940602   19.654087556186   16.593250343773764
120.52609368708426   35.36435751968938   19.650240100729746   16.594448563492755
123.05240043592616   35.324016579184075   19.64683879806107   16.59603954802942
125.63166024741214   35.28445482168366   19.64388118331985   16.59802121170514
128.264983052806   35.24566627957947   19.641364813704197   16.60039148887945
130.95350204826676   35.20764504327144   19.639287268255956   16.603148333738858
133.69837418249466   35.17038526058489   19.637646147648276   16.606289720087773
136.50078065460139   35.13388113619293   19.636439073975087   16.609813641141592
139.36192742241434   35.098126931044845   19.635663690542597   16.61371810932182
142.2830457214352   35.06311696180001   19.63531766166278   16.618001156053346
145.26539259467813   35.028845600267424   19.63539867244871   16.6226608315637
148.31025143361043   34.99530727285101   19.63590442861189   16.627695204684397
151.4189325304352   34.96249646000019   19.636832656261458   16.633102362654267
154.59277364194784   34.930407695666105   19.638181101705243   16.638880410924777
157.83314056521164   34.89903556676324   19.639947531252734   16.645027472967346
161.14142772530198   34.868374712636225   19.642129731019875   16.651541690082578
164.51905877536623   34.838419824532245   19.644725506735682   16.65842122121148
167.96748720926533   34.809165645078394   19.64773268355069   16.665664242748534
171.4881969870541   34.78060696776446   19.65114910584717   16.673268948356718
175.08270317357233   34.75273863643072   19.654972637051173   16.681233548784345
178.75255259042353   34.72555554476091   19.659201159446262   16.68955627168383
182.49932448161525   34.69905263578017   19.663832573989076   16.698235361432204
186.324631193156   34.673224901358076   19.668864800126542   16.707269078953537
190.23011886689457   34.64806738171656   19.674295775614887   16.716655701543104
194.21746814890244   34.62357516494265   19.680123456340233   16.72639352269334
198.28839491270713   34.59974338650631   19.68634581614101   16.736480851921588
202.44465099768038   34.576567228782736   19.692960846631927   16.74691601459956
206.6880249629082   34.55404192057967   19.69996655702961   16.75769735178453
211.02034285685966   34.53216273666931   19.707360973979963   16.768823220052276
215.44346900318823   34.510924997324906   19.715142141387027   16.78029199133168
219.95930680300748   34.49032406786193   19.723308120243498   16.79210205274097
224.5697995539774   34.470355358183824   19.731856988462877   16.804251806425725
229.2769312865649   34.45101432233232   19.74078684071311   16.816739669398434
234.08272761782942   34.43229645804216   19.75009578825186   16.829564073379704
238.98925662310478   34.41419730630029   19.75978195876327   16.842723464641093
243.99862972595503   34.39671245090939   19.76984349619631   16.85621630384951
249.11300260677885   34.379837518055865   19.78027856060458   16.870041065913256
254.33457613046482   34.363568175881916   19.791085327987684   16.884196239829514
259.6655972934872   34.34790013406217   19.802261990134035   16.898680328533516
265.1083601908536   34.33282914338419   19.813806754465155   16.91349184874912
270.66520700332416   34.31835099533345   19.825717843881456   16.928629330841005
276.33852900531696   34.304461521682185   19.837993496609432   16.944091318668267
282.1307675939471   34.29115659408261   19.85063196605031   16.95987636943962
288.0444153396298   34.278432123663876   19.863631520630125   16.97598305356993
294.08201705870607   34.26628406063327   19.876990443651163   16.9924099545383
300.2461709085549   34.25470839388129   19.890707033144867   17.009155668747567
306.5395295056527   34.24370115059063   19.90477960172604   17.026218805385227
312.96480106707503   34.23325839584913   19.9192064764485   17.043597986285757
319.52475057592136   34.22337623226647   19.93398599866203   17.061291845794337
326.222200971167   34.214050799594794   19.949116523870693   17.079299030631994
333.06003436245885   34.20527827435297   19.96459642159248   17.097618199762046
340.0411932703706   34.197054869454746   19.980424075220267   17.116248024257963
347.16868189265597   34.18937683384046   19.99659788188409   17.135187187172527
354.44556739704353   34.182240452112495   20.0131162523147   17.154434383408354
361.874981241128   34.175642044174346   20.029977610708414   17.17398831958971
369.46012051993023   34.169577964873234   20.047180394593212   17.193847713935607
377.2042493416997   34.16404460364638   20.064723054696135   17.214011296134263
385.1107002325569   34.15903838417066   20.08260405481186   17.23447780721873
393.18287557057704   34.1545557640158   20.1008218716726   17.25524599944389
401.4242490499322   34.15059323430111   20.11937499481913   17.276314636164603
409.83836717572615   34.14714731935548   20.138261926473113   17.2976824917152
418.42885079015844   34.14421457638085   20.15748118141056   17.319348351290078
427.19939663067765   34.14179159511898   20.177031286836513   17.341311010825617
436.15377892080056   34.13987499752164   20.196910782260897   17.363569276883226
445.29585099426555   34.138461437423885   20.217118219375543   17.386121966533604
454.6295469532399   34.13754760022081   20.237652161932374   17.408967907242207
464.1588833612782   34.137130202547304   20.258511185622698   17.432105936755782
473.8879609717651   34.137205991961125   20.279693877957694   17.455534902990177
483.82096649259574   34.137771746629134   20.301198838149997   17.479253663919213
493.9621743878321   34.13882427501651   20.323024676996347   17.503261087464693
504.3159487171359   34.14036041557925   20.345170016761468   17.527556051387567
514.8867450137498   34.14237703645957   20.36763349106287   17.55213744318015
525.6791122018419   34.14487103518439   20.39041374475689   17.57700415995949
536.6976945540476   34.14783933836683   20.413509433825734   17.602155108361774
547.9472336900287   34.15127890141072   20.436919225265544   17.62758920443785
559.4325706169377   34.1551867082179   20.46064179697563   17.653305373549774
571.1586478126435   34.15955977089858   20.48467583764861   17.679302550268424
583.1305113526219   34.164395129484525   20.50902004666173   17.70557967827218
595.353313081437   34.169689851645074   20.533673133969035   17.732135710246588
607.832312829723   34.17544103240603   20.558633819994753   17.758969607785087
620.57288067765   34.18164579387129   20.583900835527515   17.786080341290717
633.5804992658254   34.18830128494729   20.609472921615648   17.813466889878857
646.8607661546321   34.195404681070166   20.63534882946347   17.841128241280916
660.4193962330305   34.20295318393565   20.66152732032853   17.869063391749048
674.2622241778342   34.210944021231604   20.688007165419776   17.897271345961794
688.3952069645496   34.21937444637332   20.714787145796837   17.925751116930723
702.8244264308353   34.228241738241294   20.741866052270023   17.954501725907992
717.5560918936922   34.23754320092177   20.769242685301503   17.98352220229489
732.596542821523   34.24727616344973   20.796915854907223   18.012811583551255
747.9522515621821   34.25743797955457   20.8248843805599   18.042368915105865
763.6298261282242   34.26802602740819   20.85314709109282   18.07219325026772
779.6360130405237   34.279037709375665   20.881702824604602   18.102283650138247
795.9777002314978   34.290470451768336   20.91055042836484   18.13263918352435
812.6619200091945   34.30232170459945   20.93968875872068   18.163258926852443
829.6958520834906   34.31458894134212   20.969116681004177   18.194141964083226
847.0868266557402   34.327269658689794   20.99883306944064   18.225287386627475
864.8423275731726   34.340361376319   21.0288368070578   18.256694293262587
882.9699955494083   34.35386163665458   21.059126785595794   18.288361790049997
901.4776314524918   34.36776800463715   21.089701905418057   18.32028899025351
920.3731996618221   34.38207806749292   21.120561075423037   18.35247501425833
939.6648314954691   34.39678943450584   21.151703212956765   18.384918989491066
959.3608287093147   34.41189973679191   21.18312724372617   18.417620050340464
979.4696670695396   34.427406627075875   21.21483210171335   18.450577338078933
1000.0   34.443307779470004   21.246816729090515   18.483790000784975
1020.9606623060465   34.45960088925518   21.27908007613584   18.517257193266293
1042.3606739764011   34.47628367266411   21.311621101150056   18.55097807698376
1064.2092440647245   34.493353866666716   21.344438770373845   18.58495181997614
1086.5157746525383   34.51080922875764   21.377532057906024   18.619177596785562
1109.2898648952228   34.528647536745886   21.410899945622504   18.653654588383812
1132.5413151528114   34.5468665885466   21.444541423096016   18.688381982099298
1156.2801312073755   34.565464201974756   21.47845548751656   18.723358971544847
1180.5165285688056   34.584438214541144   21.5126411436127   18.758584756546163
1205.2609368708427   34.60378648325019   21.547097403573503   18.794058543071113
1230.5240043592617   34.62350688439985   21.58182328697126   18.82977954315961
1256.3166024741201   34.64359731338357   21.616817820684993   18.86574697485436
1282.64983052806   34.66405568449407   21.652080038824565   18.901960062132183
1309.5350204826677   34.68487993072926   21.687608982655657   18.938418034836136
1336.9837418249465   34.7060680035999   21.723403700525306   18.975120128608275
1365.0078065460139   34.72761787293936   21.759463247788307   19.012065584823162
1393.6192742241421   34.74952752671513   21.795786686734175   19.049253650521976
1422.830457214352   34.77179497084231   21.832373086514885   19.08668357834738
1452.6539259467813   34.79441822899886   21.86922152307326   19.12435462647902
1483.1025143361044   34.81739534244279   21.90633107907207   19.162266058569642
1514.189325304352   34.84072436983116   21.9437008438238   19.200417143682
1545.927736419477   34.86440338704074   21.98132991322103   19.238807156226237
1578.331405652118   34.8884304869907   22.01921738966757   19.277435375898058
1611.41427725302   34.91280377946685   22.057362382010172   19.31630108761744
1645.1905877536624   34.93752139094776   22.095764005470944   19.355403581468032
1679.6748720926532   34.96258146443254   22.134421381580385   19.39474215263716
1714.8819698705393   34.98798215927042   22.173333638111036   19.434316101356437
1750.827031735725   35.01372165099196   22.212499909011836   19.474124732843
1787.5255259042356   35.03979813114192   22.251919334343008   19.51416735724135
1824.9932448161524   35.06620980711393   22.291591060211637   19.554443289565796
1863.2463119315598   35.09295490198662   22.33151423870785   19.594951849643465
1902.301188668944   35.12003165436158   22.371688027841564   19.635692362057945
1942.1746814890264   35.14743831820279   22.41211159147991   19.676664156093466
1982.8839491270714   35.17517316267767   22.452784099285168   19.7178665656797
2024.4465099768038   35.20323447199986   22.49370472665338   19.759298929337085
2066.880249629082   35.23162054527336   22.5348726546535   19.800960590122756
2110.2034285685945   35.26032969633836   22.576287069967126   19.842850895576998
2154.4346900318847   35.28936025361859   22.61794716482882   19.884969197670284
2199.593068030075   35.31871055997015   22.65985213696702   19.927314852750843
2245.697995539774   35.34837897253192   22.702001189545484   19.969887221492773
2292.7693128656488   35.378363862577395   22.7443935311053   20.012685668844707
2340.827276178292   35.40866361536799   22.787028375507447   20.055709563978972
2389.8925662310503   35.43927663000797   22.82990494187598   20.098958280241327
2439.98629725955   35.47020131930054   22.873022454541623   20.14243119510117
2491.1300260677885   35.50143610960572   22.916380142986032   20.186127690102325
2543.345761304648   35.53297944069932   22.95997724178652   20.23004715081425
2596.6559729348696   35.56482976563351   23.003812990561325   20.274188966783846
2651.083601908539   35.5969855505988   23.047886633915436   20.3185525314877
2706.652070033241   35.629445274787265   23.09219742138689   20.36313724228487
2763.3852900531697   35.66220743025723   23.136744607393645   20.407942500370105
2821.3076759394708   35.695270521799316   23.181527451180905   20.45296771072763
2880.4441533962977   35.72863306680378   23.22654521676898   20.49821228208534
2940.820170587064   35.76229359512922   23.271797172901646   20.543675626869504
3002.4617090855495   35.79625064897257   23.317282592995014   20.589357161159914
3065.3952950565267   35.83050278274038   23.363000755086905   20.635256304645598
3129.6480106707504   35.86504856292148   23.408950941786607   20.681372480580837
3195.2475057592137   35.89988656796075   23.45513244022529   20.727705115741767
3262.2220097116697   35.935015388134325   23.50154454200678   20.774253640383378
3330.6003436245887   35.970433625425976   23.548186543158813   20.821017488197015
3400.411932703706   36.006139893404665   23.595057744084805   20.867996096268215
3471.6868189265597   36.04213281710346   23.642157449516066   20.91518890503513
3544.455673970436   36.07841103289956   23.68948496846451   20.962595358247267
3618.7498124112803   36.11497318839558   23.737039614175725   21.01021490292471
3694.6012051993025   36.151817942301996   23.784820704082644   21.05804698931778
3772.0424934169973   36.188943964320735   23.832827559759522   21.106091070867087
3851.107002325569   36.22634993503002   23.88105950687646   21.154346604164015
3931.82875570577   36.26403454577037   23.92951587515434   21.202813048911665
4014.242490499322   36.301996498531594   23.978195998320167   21.2514898678861
4098.383671757261   36.34023450584108   24.027099214062865   21.300376526898102
4184.2885079015805   36.378747290653145   24.076224863989562   21.349472494755315
4271.993966306776   36.41753358623951   24.1255722935822   21.398777243224732
4361.537789208006   36.45659213608084   24.17514085215461   21.448290246995615
4452.958509942656   36.49592169375939   24.224929892810053   21.49801098364284
4546.2954695324   36.53552102285283   24.274938772399096   21.547938933590537
4641.588833612777   36.57538889682888   24.325166851477945   21.598073580076214
4738.879609717651   36.61552409894133   24.375613494267174   21.648414409115208
4838.209664925957   36.65592542212687   24.426278068610888   21.69896090946551
4939.621743878321   36.69659166890299   24.4771599459362   21.74971257259296
5043.159487171359   36.73752165126704   24.52825850121321   21.800668892636864
5148.867450137493   36.77871419059619   24.5795731129153   21.851829366375906
5256.791122018424   36.82016811754838   24.63110316297987   21.90319349319446
5366.976945540476   36.86188227196433   24.682848036769393   21.95476077504925
5479.472336900287   36.90385550277054   24.734807123032947   22.00653071643636
5594.325706169378   36.94608666788323   24.786979813868026   22.058502824358627
5711.586478126429   36.98857463411324   24.839365504682803   22.110676608293325
5831.305113526225   37.03131827707194   24.891963594158717   22.163051580160243
5953.53313081437   37.07431648107804   24.94477348421345   22.215627254290087
6078.32312829723   37.117568139065376   24.997794579964257   22.268403147393204
6205.7288067765   37.16107215249159   25.051026289691688   22.321378778528683
6335.804992658248   37.20482743124777   25.104468024803626   22.37455366907371
6468.607661546327   37.24883289356897   25.15811919979968   22.42792734269336
6604.193962330305   37.29308746594563   25.211979232235993   22.481499325310597
6742.622241778342   37.337590083035956   25.26604754269034   22.535269145076715
6883.9520696454965   37.382339687579076   25.32032355472757   22.589236332341965
7028.244264308346   37.42733523030922   25.37480669486542   22.643400419626627
7175.560918936929   37.47257566987057   25.429496392540667   22.697760941592282
7325.9654282152305   37.51805997273317   25.484392080075576   22.7523174350135
7479.522515621821   37.56378711310958   25.53949319264474   22.807069438749732
7636.298261282242   37.609756072872386   25.594799168242222   22.862016493717586
7796.360130405229   37.65596584147256   25.650309447648993   22.917158142863354
7959.777002314986   37.7024154158586   25.70602347440076   22.97249393113585
8126.6192000919455   37.74910380039665   25.76194069475606   23.02802340545957
8296.958520834907   37.79603000679115   25.818060557664694   23.08374611470808
8470.868266557402   37.843193054006555   25.874382514736514   23.13966160967777
8648.423275731719   37.89059196818977   25.930906020210415   23.195769443061835
8829.699955494092   37.938225782593214   25.98763053092378   23.252069169424562
9014.776314524917   37.98609353749895   26.044555506282112   23.30856034517591
9203.73199661822   38.03419428014333   26.10168040822905   23.365242528546343
9396.648314954691   38.082527064642555   26.159004701216627   23.42211527956194
9593.608287093148   38.13109095191895   26.216527852175894   23.479178160019817
9794.696670695395   38.17988500962793   26.274249330487752   23.536430733463746
10000.0   38.22890831208587   26.332168607954202   23.593872565160137
10209.606623060476   38.27815994019848   26.39028515876973   23.651503222074176
10423.60673976401   38.32763898139014   26.448598459493105   23.709322272846325
10642.092440647246   38.377344529533794   26.507107989019485   23.76732928776903
10865.157746525372   38.4272756848816   26.56581322855258   23.825523838763658
11092.898648952229   38.47743155399637   26.62471366157747   23.883905499357795
11325.413151528126   38.52781124968354   26.683808773833302   23.942473844662647
11562.801312073754   38.57841389092404   26.743098053286566   24.00122845135083
11805.165285688056   38.62923860280769   26.80258099010452   24.060168897634327
12052.609368708414   38.680284516467296   26.86225707662884   24.119294763242696
12305.240043592616   38.73155076901354   26.922125807349666   24.178605629401567
12563.166024741215   38.7830365034704   26.9821866788798   24.238101078811326
12826.498305280598   38.834740868711286   27.042439189929222   24.297780695626056
13095.350204826676   38.88666301939584   27.102882841279886   24.35764406543276
13369.837418249452   38.93880211590737   27.163517135760706   24.417690775230685
13650.078065460139   38.9911573242909   27.224341578222873   24.477920413411102
13936.192742241436   39.043727816191925   27.285355675515394   24.538332569737037
14228.30457214352   39.096512768795726   27.34655893646086   24.598926835323464
14526.539259467812   39.149511364767335   27.407950871831503   24.659702802617627
14831.025143361028   39.202722792192105   27.469530994325517   24.720660065379526
15141.89325304352   39.25614624451694   27.53129881854354   24.781798218662786
15459.277364194786   39.30978092049207   27.59325386096547   24.84311685879555
15783.314056521165   39.363626024113394   27.65539563992748   24.90461558336174
16114.142772530198   39.41768076456559   27.717723675599306   24.966293991182468
16451.905877536607   39.47194435616557   27.78023748996168   25.028151682297654
16796.74872092653   39.52641601830676   27.84293660678416   25.090188257947894
17148.81969870541   39.58109497540368   27.905820551602986   25.152403320556466
17508.27031735727   39.635980456837416   27.968888851699393   25.214796473711644
17875.255259042355   39.69107169690137   28.032141036077952   25.277367322149104
18249.932448161504   39.74636793474776   28.09557663544526   25.34011547173464
18632.4631193156   39.801868414334585   28.15919518218885   25.403040529447008
19023.01188668946   39.85757238437317   28.222996210356236   25.46614210336096
19421.746814890284   39.91347909827623   28.28697925563429   25.529419802630567
19828.839491270715   39.969587814106475   28.351143855328715   25.592873237472592
20244.46509976802   40.025897794525804   28.415489548343928   25.65650201915024
20668.80249629082   40.08240830674498   28.48001587516293   25.72030575995692
21102.034285685964   40.13911862247379   28.544722377827515   25.7842840732003
21544.346900318866   40.19602801787178   28.60960859991872   25.848436573186518
21995.93068030075   40.25313577349955   28.674674086537383   25.91276287520461
22456.979955397717   40.3104411742704   28.739918384285012   25.977262595511075
22927.693128656487   40.36794350940267   28.805341041244777   26.041935351314653
23408.272761782944   40.4256420723724   28.87094160696274   26.106780760761275
23898.92566231053   40.483536160866606   28.93671963242932   26.171798442919183
24399.862972595503   40.54162507673705   29.00267467006089   26.23698801776428
24911.30026067786   40.599908125954364   29.068806273681638   26.30234910616555
25433.45761304648   40.658384618562835   29.13511399850561   26.367881329870798
25966.559729348723   40.71705386863545   29.201597401118885   26.433584311492393
26510.83601908542   40.775915194229675   29.268256039462027   26.499457674493325
27066.520700332414   40.834967917343455   29.33508947281272   26.565501043173366
27633.85290053167   40.8942113638718   29.402097261768525   26.631714042655418
28213.076759394706   40.95364486356383   29.46927896822993   26.69809629887201
28804.441533962978   41.01326774998022   29.536634155383485   26.76464743855195
29408.201705870666   41.07307936045116   29.604162387685157   26.831367089207202
30024.617090855492   41.133079036034644   29.671863230843925   26.898254879119815
30653.952950565235   41.19326612147538   29.7397362518055   26.965310437329187
31296.480106707506   41.25363996516392   29.80778101873621   27.032533393619257
31952.475057592135   41.31419991909647   29.875997101007144   27.09992337850608
32622.220097116733   41.3749453388348   29.944384069178355   27.167480023225355
33306.00343624588   41.43587558346694   30.012941494983345   27.23520295972032
34004.11932703703   41.49699001556805   30.081668951313716   27.303091820629582
34716.868189265595   41.558288001161806   30.150566012203942   27.371146239275316
35444.556739704356   41.61976890968206   30.219632252816282   27.439365849651367
36187.49812411284   41.68143211393517   30.288867249426005   27.507750286411756
36946.01205199302   41.74327699006249   30.35827057940664   27.576299184859145
37720.42493416994   41.80530291750337   30.42784182121548   27.645012180933552
38511.07002325569   41.86750927895848   30.497580554379216   27.713888911201153
39318.2875570577   41.9298954603537   30.567486359479705   27.78292901284327
40142.42490499326   41.992460850804115   30.63755881813999   27.852132123645454
40983.836717572616   42.05520484257866   30.707797513010387   27.92149788198678
41842.88507901576   42.118126831065   30.778202027754816   27.991025926829163
42719.939663067766   42.18122621473489   30.84877194703725   28.060715897707027
43615.377892080054   42.244502395109706   30.919506856508253   28.130567434716795
44529.5850994266   42.307954776726625   30.990406342791836   28.200580178506808
45462.95469532399   42.37158276710495   31.061469993472276   28.27075377026723
46415.888336127726   42.43538577671291   31.1326973970813   28.34108785172013
47388.79609717651   42.499363218934796   31.204088143085244   28.41158206510967
48382.09664925957   42.56351451003842   31.275641821872412   28.482236053192448
49396.21743878326   42.627839069142965   31.347358024740647   28.553049459227953
50431.59487171359   42.69233631818715   31.419236343884975   28.624021926969146
51488.67450137487   42.75700568189783   31.49127637238544   28.695153100653222
52567.91122018419   42.82184658775883   31.563477704195083   28.76644262499244
53669.76945540476   42.88685846598009   31.635839934128025   28.83789014516505
54794.723369002924   42.952040749467365   31.708362657847754   28.909495306806452
55943.257061693774   43.01739287379198   31.781045471855467   28.98125775600035
57115.86478126423   43.08291427716114   31.85388797347869   29.053177139270176
58313.05113526218   43.14860440038839   31.926889760859947   29.125253103570504
59535.3313081437   43.21446268686454   32.00005043294549   29.197485296278575
60783.23128297236   43.28048858252883   32.07336958947434   29.26987336518613
62057.288067765   43.34668153584045   32.14684683096734   29.34241695849107
63358.04992658241   43.413040997750315   32.22048175871645   29.415115724789548
64686.07661546321   43.479566421673276   32.29427397477402   29.48796931306791
66041.93962330306   43.546257263460475   32.36822308194235   29.560977372694893
67426.22241778349   43.613112981372154   32.44232868376324   29.634139553413902
68839.52069645496   43.680133036050634   32.516590384507865   29.70745550533538
70282.44264308338   43.747316890493785   32.5910077891666   29.780924878929376
71755.6091893692   43.814664010028544   32.665580503439   29.854547325018103
73259.6542821523   43.88217386228493   32.74030813372403   29.92832249476864
74795.2251562183   43.94984591717026   32.81519028711025   30.002250039685812
76362.98261282242   44.01767964684364   32.89022657136628   30.076329611605107
77963.60130405221   44.085674525690855   32.9654165949313   30.150560862685726
79597.77002314977   44.15383003029939   33.04075996690571   30.224943445403742
81266.19200091946   44.222145639433805   33.11625629704184   30.299477012545335
82969.58520834915   44.29062083401141   33.19190519573493   30.37416121720016
84708.68266557403   44.35925509707821   33.267706274014046   30.4489957127548
86484.23275731709   44.42804791378507   33.343659143533294   30.523980152886377
88296.99955494083   44.496998771364204   33.41976341656304   30.599114191556176
90147.76314524918   44.566107159105904   33.49601870598123   30.674397483003403
92037.3199661823   44.63537256833555   33.572424625264944   30.74982968173908
93966.48314954691   44.704794492390874   33.648980788481936   30.82541044254001
95936.08287093147   44.77437242659955   33.72568681028241   30.90113942044284
97946.96670695386   44.84410586825685   33.80254230589078   30.977016270738176
100000.0   44.91399431660381   33.87954689109764   31.053040648964917
102096.06623060476   44.984037272805466   33.95670018225184   31.129212210904527
104236.06739764012   45.05423423992939   34.0340017962526   31.205530612575522
106420.92440647246   45.12458472292458   34.111451350541834   31.281995510228047
108651.57746525372   45.19508822860036   34.18904846309645   31.35860656033841
110928.98648952227   45.26574426560579   34.26679275242098   31.435363419603924
113254.13151528126   45.33655234440911   34.34468383754003   31.51226574493763
115628.01312073754   45.40751197727755   34.42272133799106   31.589313193463227
118051.65285688055   45.47862267825733   34.500904873817184   31.666505422510106
120526.09368708414   45.5498839631539   34.5792340655601   31.74384208960837
123052.40043592616   45.62129534951243   34.657708534253075   31.821322852484105
125631.66024741215   45.69285635659847   34.7363279014141   31.89894736905454
128264.98305280598   45.7645665053789   34.81509178903905   31.976715297423407
130953.50204826678   45.83642531850313   34.89399981959513   32.054626295876496
133698.37418249453   45.90843232028442   34.97305161601419   32.132680022877004
136500.78065460137   45.980587036681506   35.05224680168627   32.21087613706124
139361.92742241436   46.05288899528052   35.13158500045329   32.289214297234324
142283.0457214352   46.12533772527683   35.211065836602714   32.36769416236585
145265.39259467812   46.197932757457544   35.290688934861365   32.44631539158589
148310.25143361028   46.270673624183765   35.3704539203894   32.52507764418081
151418.9325304352   46.34355985937344   35.45036041877429   32.60398057958936
154592.77364194786   46.416590998484175   35.53040805602488   32.6830238573987
157833.14056521165   46.489766578496365   35.61059645856571   32.76220713734066
161141.427725302   46.563086137896484   35.690925253231185   32.84153007928793
164519.05877536608   46.636549216660654   35.77139406726006   32.920992343250404
167967.48720926532   46.71015535623833   35.85200252828986   33.00059358937165
171488.19698705408   46.78390409953618   35.932750264351505   33.08033347792531
175082.70317357234   46.85779499090229   36.01363690386391   33.1602116693117
178752.55259042355   46.93182757611044   36.09466207562885   33.240227824054536
182499.32448161504   47.00600140234459   36.175825408825645   33.32038160279748
186324.63119315598   47.08031601818361   36.25712653300624   33.400672666301105
190230.11886689457   47.15477097358619   36.338565078090156   33.48110067543963
194217.46814890244   47.229365819875895   36.42014067435955   33.56166529119793
198288.39491270712   47.304100109726505   36.50185295245457   33.64236617466854
202444.65099768018   47.37897339714737   36.58370154336841   33.723202987048694
206688.0249629082   47.45398523746916   36.6656860784429   33.80417538963758
211020.34285685964   47.529135187329636   36.7478061893638   33.88528304383341
215443.46900318822   47.604422804659656   36.83006150815634   33.96652561113088
219959.30680300746   47.67984764866945   36.912451667180974   34.04790275311845
224569.79955397718   47.75540927983484   36.994976299128915   34.12941413147575
229276.93128656488   47.831107259883964   37.077635037018005   34.2110594079712
234082.72761782943   47.90694115178384   37.16042751418856   34.292838244459446
238989.25662310477   47.98291051972734   37.243353364299296   34.3747503028791
243998.62972595502   48.05901492912026   37.32641222132338   34.45679524525043
249113.0026067791   48.13525394656848   37.40960371954451   34.5389727336731
254334.57613046482   48.21162713986549   37.49292749355309   34.62128243032403
259665.59729348726   48.288134077979876   37.57638317824252   34.70372399745531
265108.36019085365   48.36477433104303   37.65997040880551   34.78629709739217
270665.2070033241   48.441547470337184   37.74368882073047   34.86900139253099
276338.52900531725   48.51845306828331   37.82753804979805   34.95183654533742
282130.76759394706   48.59549069842942   37.91151773207767   35.03480221834456
288044.4153396298   48.672659935439015   37.99562750392418   35.11789807415119
294082.0170587061   48.749960355079494   38.07986700197454   35.201123775419966
300246.1709085549   48.82739153421098   38.16423586314468   35.2844789848759
306539.529505653   48.90495305077508   38.24873372462627   35.3679633653047
312964.80106707505   48.982644483783915   38.3333602238837   35.451576579551244
319524.7505759214   49.06046541330933   38.41811499865111   35.53531829051812
326222.20097116666   49.13841542047216   38.50299768692944   35.619188161164224
333060.03436245886   49.216494087431705   38.5880079269836   35.70318585450346
340041.19327037095   49.29470099737532   38.673145357339635   35.78731103360334
347168.68189265596   49.37303573450821   38.75840961678211   35.871563361583824
354445.5673970436   49.451497884043285   38.843800344351365   35.95594250161619
361874.98124112765   49.53008703219126   38.929317179341055   36.040448116921844
369460.12051993026   49.608802766150816   39.014959761295536   36.12507987077128
377204.2493417001   49.68764467409893   39.10072773000751   36.209837426483105
385110.7002325569   49.76661234518134   39.18662072551566   36.29472044742307
393182.87557057705   49.8457053695032   39.27263838810227   36.37972859700323
401424.24904993176   49.924923338119754   39.35878035829109   36.46486153868105
409838.36717572616   50.00426584302732   39.445046276845105   36.550118935958665
418428.85079015844   50.08373247715422   39.53143578476444   36.63550045238212
427199.3966306777   50.16332283435199   39.61794852328434   36.721005751540766
436153.77892080054   50.24303650938668   39.704584133873226   36.80663449706659
445295.85099426506   50.322873097930206   39.79134225823069   36.89238635263367
454629.54695323994   50.402832196552005   39.87822253828579   36.97826098195769
464158.8833612782   50.482913402710594   39.96522461619512   37.06425804879543
473887.9609717651   50.563116314745514   40.05234813434119   37.15037721694443
483820.96649259573   50.64344053186913   40.13959273533072   37.236618150242556
493962.1743878316   50.72388565415883   40.22695806199309   37.322980512567796
504315.9487171359   50.80445128254913   40.31444375737878   37.409463967837965
514886.74501374975   50.885137018823976   40.40204946475783   37.49606818001043
525679.1122018419   50.96594246560923   40.48977482761855   37.582792813082094
536697.6945540477   51.04686722636522   40.57761948966608   37.66963753108924
547947.2336900282   51.12791090537936   40.66558309482112   37.75660199810745
559432.5706169377   51.20907310775903   40.7536652872187   37.84368587825162
571158.6478126434   51.290353439424436   40.841865711206964   37.930888835676065
583130.5113526218   51.371751507101656   40.9301840113461   38.01821053457451
595353.313081437   51.45326691831579   41.01861983240726   38.10565063918032
607832.3128297224   51.53489928138423   41.10717281937151   38.19320881376668
620572.8806776501   51.61664820541002   41.195842617428994   38.280884722646775
633580.4992658254   51.698513300275394   41.28462887197789   38.368678030174166
646860.7661546321   51.7804941766353   41.37353122862368   38.45658840074302
660419.3962330305   51.862590445911174   41.46254933317836   38.54461549878858
674262.2241778335   51.94480172028478   41.551682831659654   38.632758988787515
688395.2069645496   52.02712761269212   41.64093137029042   38.72101853525846
702824.4264308353   52.10956773681744   41.730294595497945   38.809393802762465
717556.0918936922   52.19212170708742   41.81977215391345   38.89788445590356
732596.542821523   52.274789138665454   41.90936369237157   38.98649015932944
747952.2515621829   52.35756964744595   41.999068857909876   39.07521057773201
763629.8261282241   52.44046285004885   42.08888729776842   39.164045375848104
779636.0130405237   52.523468363814196   42.17881865938954   39.25299421846025
795977.7002314978   52.60658580679672   42.26886259041735   39.34205677039744
812661.9200091945   52.68981479776076   42.359018738697664   39.43123269653592
829695.8520834915   52.77315495617503   42.4492867522777   39.520521661800075
847086.8266557403   52.856605902207576   42.53966627940595   39.609923331163294
864842.3275731726   52.940167256721   42.63015696853212   39.69943736964903
882969.9955494083   53.02383864126742   42.72075846830702   39.789063442331646
901477.6314524917   53.10761967808392   42.81147042758259   39.87880121433753
920373.199661823   53.19150999008781   42.902292495412006   39.968650350846104
939664.8314954691   53.275509200872115   42.99322432104967   40.05861051709101
959360.8287093147   53.35961693470119   43.08426555395143   40.1486813783612
979469.6670695386   53.44383281650624   43.17541584377477   40.23886260000216
1000000.0   53.52815647188119   43.266674840379046   40.32915384741711
1020960.6623060475   53.61258752707846   43.35804219382576   40.41955478606829
1042360.6739764011   53.69712560900488   43.4495175543789   40.510065081478274
1064209.2440647245   53.78177034521772   43.54110057250536   40.6006843992313
1086515.7746525372   53.86652136392082   43.632790898875264   40.691412404974635
1109289.8648952227   53.951378293960815   43.72458818436266   40.78224876442011
1132541.3151528127   54.03634076482326   43.816492080045755   40.873193143345404
1156280.1312073753   54.12140840662916   43.90850223720767   40.96424520759568
1180516.5285688057   54.206580850131424   44.00061830733707   41.05540462308508
1205260.9368708413   54.291857726711285   44.092839942128656   41.14667105579827
1230524.0043592616   54.37723866837505   44.18516679348404   41.238044171792104
1256316.6024741214   54.4627233077508   44.27759851351238   41.3295236371972
1282649.83052806   54.54831127808501   44.37013475453116   41.42110911821969
1309535.0204826677   54.634002213239775   44.46277516906714   41.51280028114291
1336983.7418249452   54.7197957476894   44.55551940985707   41.6045967923291
1365007.8065460138   54.80569151651769   44.64836712984876   41.69649831822133
1393619.2742241435   54.89168915541495   44.74131798220187   41.78850452534519
1422830.457214352   54.977788300675236   44.83437162028908   41.88061508031068
1452653.9259467812   55.06398858919367   44.92752769769701   41.972829649814166
1483102.5143361029   55.15028965846366   45.02078586822733   42.065147900640206
1514189.325304352   55.23669114657458   45.114145785897946   42.15756949966361
1545927.7364194784   55.323192692208984   45.20760710494406   42.25009411385139
1578331.4056521165   55.40979393464048   45.30116947981944   42.34272141026475
1611414.2772530199   55.49649451373119   45.39483256519772   42.43545105606126
1645190.5877536607   55.58329406992963   45.488596015973506   42.52828271849681
1679674.872092653   55.6701922442684   45.58245948726388   42.62121606492784
1714881.9698705408   55.75718867836218   45.67642263440969   42.71425076281345
1750827.0317357234   55.84428301440569   45.7704851129769   42.807386479717636
1787525.5259042354   55.931474895171654   45.864646578758155   42.90062288331147
1824993.2448161505   56.0187639640089   45.95890668777412   42.99395964137535
1863246.3119315598   56.10614986484065   46.053265096275126   43.08739642180136
1902301.1886689458   56.19363224216269   46.14772146074261   43.18093289259551
1942174.6814890245   56.28121074104164   46.24227543789075   43.274568721880094
1982883.9491270713   56.368885007113484   46.336926684668136   43.368303577896164
2024446.5099768017   56.45665468658183   46.431674858259356   43.462137129005775
2066880.2496290822   56.54451942621668   46.526519616086766   43.556069043694585
2110203.4285685965   56.63247887335278   46.6214606158122   43.65009899057424
2154434.6900318824   56.72053267588838   46.71649751533867   43.74422663838487
2199593.0680300747   56.808680482284025   46.811629972812355   43.83845165599771
2245697.995539772   56.89692194156126   46.90685764662427   43.93277371241754
2292769.312865649   56.98525670330149   47.00218019541219   44.02719247678535
2340827.2761782943   57.07368441764485   47.09759727806262   44.12170761838093
2389892.5662310477   57.16220473528935   47.193108553712705   44.216318806625516
2439986.29725955   57.2508173074898   47.28871368175217   44.31102571108449
2491130.026067791   57.33952178605688   47.38441232182544   44.40582800147007
2543345.761304648   57.42831782335639   47.480204133833546   44.500725347644
2596655.9729348724   57.51720507230851   47.57608877793639   44.5957174196204
2651083.601908536   57.60618318638696   47.67206591455468   44.69080388756846
2706652.0700332415   57.695251819618434   47.768135204372214   44.78598442181529
2763385.2900531725   57.7844106265821   47.86429630833795   44.88125869284878
2821307.6759394705   57.87365926240887   47.96054888766833   44.97662637132045
2880444.1533962977   57.96299738278113   48.05689260384948   45.072087128048324
2940820.1705870605   58.05242464393216   48.153327118639396   45.167640634019875
3002461.709085549   58.14194070264593   48.24985209407046   45.263286560395024
3065395.29505653   58.23154521625666   48.34646719245159   45.35902457850895
3129648.0106707504   58.32123784264867   48.443172076370665   45.45485435987527
3195247.5057592136   58.41101824025625   48.539966408697   45.55077557618899
3262222.0097116665   58.50088606806332   48.63684985258368   45.64678789932952
3330600.3436245886   58.590840985603606   48.73382207147011   45.74289100136377
3400411.9327037097   58.68088265296041   48.83088272908438   45.83908455454931
3471686.8189265593   58.77101073076684   48.928031489445985   45.935368231337385
3544455.6739704357   58.8612248802057   49.0252680168682   46.031741704376195
3618749.8124112766   58.95152476300977   49.12259197596072   46.12820464651391
3694601.2051993026   59.041910041461946   49.2200030316323   46.22475673080202
3772042.4934170013   59.132380378395474   49.317500849093385   46.32139763049845
3851107.002325569   59.22293543719431   49.4150850938587   46.41812701907086
3931828.75570577   59.31357488179336   49.512755431750115   46.51494457019987
4014242.4904993176   59.40429837667896   49.61051152889916   46.611849957782404
4098383.6717572613   59.49510558688932   49.708353051749945   46.70884285593498
4184288.5079015847   59.585996178014994   49.806279667061894   46.80592293899702
4271993.966306777   59.6769698161994   49.90429104191248   46.90308988153423
4361537.789208006   59.76802616813948   50.00238684370013   47.00034335834203
4452958.509942651   59.85916490108626   50.10056674014707   47.097683044448814
4546295.469532399   59.9503856828457   50.198830399302224   47.195108615119594
4641588.833612782   60.04168818177915   50.297177489544104   47.29261974585925
4738879.609717651   60.13307206680447   50.39560767958377   47.3902161124161
4838209.664925957   60.22453700739659   50.49412063846779   47.48789739078537
4939621.743878315   60.316082673588525   50.59271603558119   47.585663257212715
5043159.487171358   60.407708735972264   50.691393540650566   47.68351338819775
5148867.450137498   60.49941486569967   50.790152823747   47.78144746049754
5256791.122018419   60.59120073448364   50.88899355528923   47.879465151130304
5366976.945540476   60.68306601459905   50.98791540604671   47.97756613737888
5479472.336900282   60.77501037888383   51.08691804714269   48.07575009679445
5594325.706169377   60.8670335007402   51.18600115005744   48.17401670720009
5711586.478126435   60.95913505413574   51.28516438663131   48.27236564669445
5831305.113526219   61.05131471360476   51.38440742906795   48.3707965936555
5953533.13081437   61.14357215424943   51.483729949937604   48.469309226744066
6078323.128297224   61.23590705174115   51.58313162218023   48.56790322490773
6205728.8067765   61.32831908232194   51.682612119108796   48.666578267384416
6335804.992658254   61.42080792280576   51.78217111441261   48.76533403370623
6468607.661546321   61.51337325057995   51.881808282160556   48.86417020370316
6604193.962330305   61.60601474360674   51.981523296804454   48.96308645750696
6742622.2417783355   61.698732080424726   52.08131583318236   49.06208247555487
6883952.069645496   61.79152494015048   52.18118556652207   49.16115793859347
7028244.264308353   61.884393002480046   52.28113217244431   49.26031252768251
7175560.918936921   61.97733594769058   52.38115532696626   49.359545924198805
7325965.42821523   62.07035345664215   52.481254706505105   49.45885780984012
7479522.515621813   62.1634452107792   52.58142998788119   49.55824786662897
7636298.261282242   62.25661089213256   52.68168084832183   49.65771577691669
7796360.130405237   62.34985018332096   52.78200696546452   49.75726122338722
7959777.002314977   62.44316276755301   52.88240801736067   49.856883889061095
8126619.200091946   62.536548328629   52.98288368247899   49.956583457299494
8296958.520834915   62.63000655094277   53.08343363970913   50.05635961180809
8470868.266557403   62.723537119483595   53.184057568365255   50.1562120366411
8648423.275731727   62.81713971983831   53.28475514818961   50.25614041620536
8829699.955494083   62.91081403819299   53.38552605935608   50.356144435264234
9014776.314524917   63.004559761335244   53.48636998247401   50.45622377894177
9203731.99661823   63.098376576656136   53.587286598591625   50.55637813272665
9396648.31495469   63.192264172152306   53.68827558919989   50.65660718247636
9593608.287093148   63.28622223642808   53.78933663623607   50.75691061442122
9794696.670695385   63.38025045869761   53.89046942208754   50.857288115168544
10000000.0   63.474348528787125   53.99167362959543   50.95773937170668
10209606.623060476   63.568516137137   54.09294894205842   51.05826407140923
10423606.739764012   63.66275297480415   54.19429504323646   51.1588619020391
10642092.440647246   63.757058733464284   54.29571161735463   51.25953255175278
10865157.746525373   63.85143310541409   54.39719834910681   51.360275709104414
11092898.648952227   63.94587578357376   54.498754923659625   51.46109106305008
11325413.151528126   64.04038646148913   54.600381026656166   51.56197830295188
11562801.312073754   64.13496483333434   54.702076344219904   51.66293711858229
11805165.285688056   64.22961059391406   54.80384056295855   51.763967200128285
12052609.368708413   64.32432343866601   54.90567336996787   51.86506823819563
12305240.043592615   64.41910306366344   55.00757445283567   51.96623992381316
12563166.024741214   64.51394916561767   55.10954349964565   52.067481948436985
12826498.3052806   64.60886144188058   55.21158019898132   52.16879400395477
13095350.204826677   64.7038395904472   55.313684239929984   52.270175782690195
13369837.418249452   64.79888330995833   55.41585531208666   52.37162697740695
13650078.065460138   64.8939922997031   55.51809310555811   52.47314728131339
13936192.742241435   64.98916625962168   55.6203973109667   52.57473638806659
14228304.57214352   65.0844048903079   55.72276761945452   52.67639399177686
14526539.259467812   65.17970789301198   55.8252037226874   52.77811978701205
14831025.143361028   65.27507496964324   55.92770531285882   52.87991346880192
15141893.25304352   65.37050582277288   56.030272082694104   52.98177473264242
15459277.364194786   65.46600015563666   56.13290372545432   53.08370327450027
15783314.056521164   65.56155767213784   56.235599934940495   53.185698790817135
16114142.772530198   65.6571780768499   56.338360405497575   53.28776097851422
16451905.877536608   65.7528610750194   56.44118483201859   53.38988953499657
16796748.72092653   65.84860637256887   56.5440729099488   53.49208415815754
17148819.69870541   65.94441367609969   56.6470243352897   53.59434454638326
17508270.317357235   66.04028269289498   56.75003880460317   53.696670398557025
17875255.259042356   66.13621313092263   56.85311601501576   53.79906141406378
18249932.448161505   66.23220469883812   56.95625566422272   53.90151729279459
18632463.1193156   66.32825710598765   57.05945745049215   54.00403773515113
19023011.886689458   66.424370062411   57.16272107266924   54.10662244205013
19421746.814890243   66.52054327884464   57.266046230180486   54.2092711149279
19828839.491270714   66.6167764667248   57.36943262303782   54.31198345574481
20244465.099768016   66.71306933819042   57.47287995184284   54.414759166989846
20668802.49629082   66.80942160608637   57.57638791779108   54.517597951685104
21102034.285685964   66.90583298396643   57.679956222676196   54.62049951339027
21544346.900318824   67.0023031860965   57.78358456889419   54.723463556207186
21995930.680300746   67.09883192745778   57.88727265944779   54.82648978478449
22456979.955397718   67.19541892374976   57.9910201979505   54.92957790432199
22927693.128656488   67.29206389139358   58.0948268886311   55.03272762057537
23408272.761782944   67.38876654753521   58.198692436337794   55.13593863986071
23898925.662310477   67.48552661004848   58.302616546542474   55.23921066905897
24399862.9725955   67.58234379753863   58.40659892534521   55.342543415620774
24911300.26067786   67.67921782934523   58.51063927947826   55.445936587570756
25433457.613046482   67.77614842554574   58.61473731631073   55.549389893512306
25966559.729348723   67.87313530695864   58.71889274385261   55.65290304263219
26510836.019085363   67.9701781951467   58.82310527075924   55.75647574470498
27066520.700332414   68.06727681242043   58.92737460633575   55.86010771009789
27633852.900531728   68.16443088184131   59.03170046054118   55.96379864977525
28213076.75939471   68.2616401272252   59.13608254399301   56.06754827530313
28804441.53396298   68.35890427314574   59.240520567971515   56.171356298854064
29408201.705870606   68.45622304493753   59.345014244424   56.27522243321155
30024617.090855494   68.55359616869987   59.4495632859694   56.37914639177482
30653952.950565297   68.65102337129986   59.55416740590247   56.483127888563416
31296480.106707506   68.74850438037598   59.658826318198315   56.58716663822181
31952475.057592135   68.8460389243415   59.763539737516666   56.69126235602411
32622220.097116664   68.94362673238788   59.8683073792064   56.79541475787871
33306003.436245885   69.04126753448841   59.973128959309925   56.899623560332984
34004119.327037096   69.13896106140142   60.07800419456751   57.00388848057777
34716868.189265594   69.236707044674   60.18293280242182   57.10820923645233
35444556.739704356   69.33450521664545   60.287914501022335   57.21258554644878
36187498.12411277   69.43235531045073   60.39294900922966   57.317017129716874
36946012.05199303   69.53025706002403   60.49803604662016   57.421503706068684
37720424.934170015   69.62821020010232   60.60317533349019   57.526044995983234
38511070.02325569   69.7262144662289   60.70836659086074   57.63064072061122
39318287.5570577   69.824269594757   60.81360954048179   57.7352906017797
40142424.90499318   69.92237532285323   60.9189039048367   57.83999436199677
40983836.717572615   70.02053138850133   61.02424940714681   57.94475172445627
41842885.07901584   70.11873753050565   61.129645771375884   58.04956241304247
42719939.663067766   70.21699348849477   61.235092722234405   58.15442615233469
43615377.89208005   70.31529900292523   61.34058998518432   58.25934266761224
44529585.09942651   70.4136538150849   61.44613728644326   58.364311684858784
45462954.695323996   70.51205766709693   61.5517343529892   58.469332930767315
46415888.33612782   70.61051030192314   61.65738091256485   58.57440613274473
47388796.09717651   70.70901146336784   61.763076693682116   58.67953101891652
48382096.649259575   70.80756089608138   61.86882142562667   58.78470731813158
49396217.438783154   70.90615834556384   61.97461483846239   58.88993475996681
50431594.871713586   71.00480355816877   62.08045666303583   58.99521307473185
51488674.501374975   71.10349628110679   62.186346630980744   59.1005419934738
52567911.22018419   71.20223626244929   62.292284474722564   59.20592124798194
53669769.45540476   71.30102325113225   62.3982699274829   59.31135057079239
54794723.36900281   71.39985699695976   62.50430272328401   59.41682969519282
55943257.06169377   71.49873725060782   62.61038259695332   59.52235835522723
57115864.78126435   71.59766376362813   62.71650928412797   59.62793628570059
58313051.135262184   71.69663628845167   62.822682521259196   59.73356322218349
59535331.3081437   71.79565457839253   62.928902045616915   59.839238901017005
60783231.28297224   71.8947183876516   63.03516759529414   59.94496305931722
62057288.067765005   71.99382747132034   63.14147890921165   60.05073543498004
63358049.926582545   72.09298158538448   63.2478357271223   60.15655576668586
64686076.615463205   72.19218048672782   63.35423778961553   60.26242379390424
66041939.623303056   72.29142393313597   63.46068483812204   60.36833925689866
67426222.41778335   72.39071168330001   63.56717661491805   60.47430189673109
68839520.69645496   72.49004349682049   63.67371286313001   60.58031145526683
70282442.64308353   72.5894191342109   63.78029332673891   60.68636767517915
71755609.18936922   72.68883835690167   63.88691775058487   60.792470299953905
73259654.2821523   72.78830092724381   63.99358588037167   60.89861907389425
74795225.15621814   72.8878066085127   64.10029746267102   61.00481374212537
76362982.61282241   72.987355164912   64.20705224492744   61.111054050599165
77963601.30405237   73.08694636157726   64.31384997546226   61.2173397460988
79597770.02314977   73.18657996457974   64.42069040347852   61.32367057624348
81266192.00091946   73.28625574093027   64.52757327906521   61.43004628949315
82969585.20834915   73.38597345858292   64.63449835320175   61.536466635153005
84708682.66557403   73.48573288643894   64.74146537776264   61.64293136337829
86484232.75731726   73.5855337943504   64.84847410552173   61.7494402251789
88296999.55494083   73.68537595312404   64.95552429015676   61.855992972424026
90147763.14524917   73.78525913452506   65.06261568625386   61.962589357846795
92037319.9661823   73.88518311128092   65.16974804931193   62.069229135048914
93966483.1495469   73.98514765708511   65.27692113574717   62.175912058505304
95936082.87093146   74.08515254660092   65.3841347028975   62.28263788356874
97946966.70695385   74.1851975554653   65.49138850902695   62.389406366474475
100000000.0   74.28528246029255   65.59868231333016   62.49621726434485
102096066.23060475   74.38540703867817   65.70601587593686   62.60307033519386
104236067.39764033   74.48557106920266   65.81338895791615   62.709965337931806
106420924.40647268   74.58577433143525   65.92080132128108   62.8169020323699
108651577.46525373   74.6860166059377   66.02825272899297   62.92388017922489
110928986.48952228   74.78629767426818   66.13574294496588   63.03089954012353
113254131.51528126   74.88661731898485   66.24327173407099   63.13795987760728
115628013.1207373   74.98697532364979   66.35083886214096   63.24506095513679
118051652.8568803   75.08737147283274   66.45844409597446   63.35220253709657
120526093.68708414   75.18780555211492   66.56608720334036   63.4593843887994
123052400.43592615   75.28827734809263   66.67376795298232   63.566606276491015
125631660.24741215   75.38878664838123   66.78148611462296   63.673867967354596
128264983.05280626   75.48933324161871   66.88924145896843   63.781169229515264
130953502.04826704   75.58991691746962   66.9970337577126   63.888509832044676
133698374.18249452   75.69053746662865   67.10486278354149   63.99588954496551
136500780.65460137   75.79119468082457   67.21272831013763   64.10330813925594
139361927.42241436   75.89188835282384   67.32063011218445   64.2107653868543
142283045.7214349   75.99261827643429   67.42856796537028   64.31826106066323
145265392.59467784   76.0933842465091   67.53654164639325   64.42579493455466
148310251.4336103   76.19418605895032   67.64455093296503   64.53336678337378
151418932.5304352   76.29502351071261   67.75259560381552   64.6409763829438
154592773.64194787   76.39589639980706   67.86067543869692   64.74862351007035
157833140.56521198   76.4968045253048   67.96879021838814   64.85630794254593
161141427.7253023   76.5977476873408   68.076939724699   64.96402945915425
164519058.77536607   76.69872568711746   68.18512374047455   65.07178783967478
167967487.20926532   76.79973832690847   68.29334204959936   65.17958286488715
171488196.98705408   76.90078541006227   68.4015944370016   65.28741431657546
175082703.17357197   77.00186674100595   68.5098806886575   65.39528197753273
178752552.59042317   77.10298212524877   68.61820059159542   65.50318563156539
182499324.48161504   77.20413136938593   68.72655393390008   65.61112506349735
186324631.19315597   77.30531428110213   68.83494050471687   65.71910005917476
190230118.86689457   77.40653066917525   68.94336009425588   65.82711040547005
194217468.14890283   77.50778034348012   69.0518124937963   65.93515589028637
198288394.91270754   77.6090631149919   69.16029749569039   66.043236302562
202444650.9976802   77.71037879578988   69.26881489336768   66.15135143227444
206688024.9629082   77.8117271990612   69.37736448133927   66.25950107044504
211020342.85685965   77.91310813910412   69.4859460552018   66.36768500914297
215443469.00318778   78.0145214313319   69.59455941164155   66.47590304148967
219959306.80300704   78.11596689227635   69.70320434843879   66.58415496166309
224569799.55397716   78.21744433959127   69.81188066447163   66.69244056490189
229276931.2865649   78.31895359205612   69.92058815972017   66.80075964750971
234082727.61782944   78.42049446957961   70.0293266352707   66.90911200685944
238989256.62310526   78.52206679320315   70.13809589331962   67.01749744139737
243998629.72595552   78.62367038510445   70.24689573717751   67.12591575064738
249113002.6067786   78.72530506860099   70.35572597127324   67.23436673521516
254334576.13046482   78.82697066815366   70.46458640115794   67.34285019679238
259665597.29348725   78.92866700937012   70.57347683350902   67.45136593816086
265108360.1908531   79.03039391900832   70.68239707613404   67.55991376319656
270665207.00332355   79.13215122498009   70.791346937975   67.66849347687403
276338529.0053167   79.2339387563544   70.90032622911204   67.77710488527018
282130767.59394705   79.33575634336104   71.00933476076739   67.8857477955685
288044415.33962977   79.43760381739392   71.11837234530944   67.99442201606325
294082017.0587067   79.53948101101453   71.22743879625659   68.10312735616338
300246170.90855557   79.64138775795539   71.33653392828118   68.21186362639662
306539529.5056536   79.74332389312342   71.44565755721337   68.32063063841359
312964801.0670751   79.84528925260332   71.55480950004495   68.42942820499168
319524750.57592136   79.94728367366102   71.6639895749334   68.53825614003925
326222200.971166   80.04930699474694   71.77319760120542   68.64711425859933
333060034.36245817   80.15135905549944   71.88243339936109   68.75600237685396
340041193.27037024   80.2534396967481   71.99169679107747   68.86492031212777
347168681.89265597   80.35554876051702   72.10098759921243   68.97386788289218
354445567.3970436   80.45768609002816   72.21030564780843   69.08284490876916
361874981.2411284   80.55985152970467   72.31965076209637   69.19185121053535
369460120.519931   80.66204492517409   72.42902276849925   69.30088661012563
377204249.3417009   80.76426612327164   72.53842149463588   69.40995093063724
385110700.2325569   80.86651497204349   72.6478467693246   69.51904399633351
393182875.570577   80.96879132075   72.75729842258708   69.62816563264778
401424249.049931   81.07109501986882   72.86677628565185   69.73731566618716
409838367.1757253   81.17342592109839   72.97628019095805   69.8464939247363
418428850.7901576   81.27578387736068   73.08580997215903   69.95570023726124
427199396.63067764   81.37816874280466   73.1953654641259   70.06493443391302
436153778.92080057   81.48058037280944   73.30494650295135   70.1741963460317
445295850.994266   81.58301862398733   73.41455292595298   70.2834858061498
454629546.9532409   81.68548335418693   73.52418457167698   70.39280264799613
464158883.36127913   81.78797442249628   73.63384127990176   70.50214670649947
473887960.9717651   81.89049168924592   73.7435228916413   70.61151781779225
483820966.49259573   81.99303501601207   73.85322924914877   70.72091581921414
493962174.38783056   82.09560426561941   73.96296019591998   70.83034054931568
504315948.71713483   82.19819930214446   74.07271557669694   70.93979184786201
514886745.0137487   82.30081999091821   74.18249523747109   71.04926955583623
525679112.2018419   82.40346619852942   74.29229902548698   71.15877351544319
536697694.5540476   82.50613779282746   74.40212678924554   71.26830357011285
547947233.6900293   82.60883464292527   74.5119783785074   71.37785956450394
559432570.616939   82.71155661920236   74.62185364429644   71.48744134450739
571158647.8126446   82.81430359330757   74.731752438903   71.59704875724987
583130511.3526219   82.91707543816217   74.84167461588724   71.70668165109713
595353313.081437   83.01987202796262   74.95162003008252   71.81633987565765
607832312.8297211   83.12269323818342   75.06158853759844   71.92602328178579
620572880.6776488   83.22553894558004   75.17157999582449   72.03573172158546
633580499.2658241   83.32840902819161   75.28159426343288   72.14546504841326
646860766.1546321   83.43130336534387   75.39163120038204   72.25522311688196
660419396.2330306   83.53422183765174   75.50169066791969   72.36500578286388
674262224.1778349   83.63716432702233   75.61177252858603   72.47481290349404
688395206.964551   83.74013071665748   75.72187664621698   72.58464433717351
702824426.4308367   83.84312089105653   75.8320028859471   72.6944999435728
717556091.8936921   83.94613473601905   75.9421511142129   72.8043795836349
732596542.8215231   84.04917213864756   76.05232119875589   72.91428311957866
747952251.5621798   84.15223298734998   76.1625130086255   73.02421041490184
763629826.1282226   84.25531717184249   76.27272641418227   73.13416133438443
779636013.0405221   84.358424583152   76.38296128710077   73.2441357440917
795977700.2314978   84.4615551136188   76.49321750037267   73.3541335113773
812661920.0091945   84.56470865689906   76.6034949283096   73.4641545048865
829695852.0834916   84.66788510796745   76.71379344654615   73.57419859455909
847086826.6557419   84.77108436311958   76.82411293204287   73.68426565163259
864842327.5731745   84.87430631997461   76.93445326308895   73.79435554864514
882969995.5494083   84.9775508774775   77.04481431930533   73.90446815943862
901477631.4524918   85.08081793590183   77.15519598164741   74.01460335916158
920373199.661823   85.18410739685181   77.26559813240783   74.12476102427215
939664831.4954672   85.28741916326491   77.37602065521936   74.234941032541
959360828.7093127   85.39075313941431   77.48646343505766   74.34514326305438
979469667.0695386   85.49410923091104   77.59692635824399   74.45536759621673
1000000000.0   85.5974873447065   77.70740931244792   74.5656139137538
1020960662.3060476   85.70088738909462   77.81791218669001   74.67588209871523
1042360673.9764032   85.80430927371428   77.92843487134462   74.78617203547763
1064209244.0647224   85.90775290955148   78.03897725814228   74.89648360974704
1086515774.6525373   86.01121820894157   78.14953924017266   75.00681670856206
1109289864.8952227   86.11470508557157   78.26012071188684   75.11717122029619
1132541315.1528127   86.21821345448217   78.37072156909998   75.22754703466079
1156280131.2073777   86.32174323207008   78.48134170899401   75.33794404270762
1180516528.568803   86.42529433608993   78.59198103011985   75.44836213683155
1205260936.8708413   86.5288666856568   78.70263943240025   75.55880121077324
1230524004.3592615   86.63246020124775   78.81331681713186   75.66926115962154
1256316602.4741216   86.73607480470432   78.92401308698796   75.77974187981623
1282649830.5280626   86.83971041923431   79.03472814602073   75.89024326915047
1309535020.482665   86.94336696941389   79.14546189966366   76.00076522677335
1336983741.8249452   87.04704438118964   79.25621425473388   76.11130765319241
1365007806.5460138   87.15074258188038   79.36698511943455   76.22187045027604
1393619274.2241435   87.2544615001791   79.47777440335699   76.33245352125586
1422830457.2143548   87.35820106615493   79.58858201748312   76.44305677072917
1452653925.9467783   87.46196121125502   79.69940787418761   76.55368010466145
1483102514.336103   87.56574186830633   79.81025188724011   76.66432343038848
1514189325.304352   87.66954297151746   79.92111397180744   76.77498665661881
1545927736.4194784   87.77336445648052   80.03199404445571   76.88566969343597
1578331405.6521196   87.87720626017273   80.14289202315248   76.99637245230082
1611414277.2530165   87.98106832095829   80.2538078272688   77.10709484605363
1645190587.7536607   88.08495057859017   80.3647413775814   77.2178367889165
1679674872.0926533   88.1888529742115   80.47569259627457   77.3285981964953
1714881969.8705409   88.29277545035757   80.58666140694223   77.43937898578196
1750827031.7357268   88.39671795095714   80.69764773458995   77.55017907515656
1787525525.9042318   88.50068042133428   80.8086515056369   77.66099838438936
1824993244.8161504   88.6046628082099   80.91967264791775   77.771836834643
1863246311.9315598   88.70866505970302   81.0307110906844   77.88269434847429
1902301188.6689458   88.81268712533277   81.14176676460818   77.99357084983647
1942174681.4890285   88.91672895601943   81.2528396017814   78.10446626408097
1982883949.1270673   89.0207905040861   81.36392953571921   78.2153805179594
2024446509.9768019   89.12487172326014   81.4750365013615   78.32631353962564
2066880249.629082   89.22897256867444   81.58616043507448   78.4372652586374
2110203428.5685966   89.33309299686891   81.6973012746524   78.54823560595828
2154434690.0318866   89.43723296579174   81.80845895931941   78.6592245139596
2199593068.0300703   89.54139243480067   81.91963342973095   78.77023191642199
2245697995.5397716   89.64557136466449   82.03082462797562   78.88125774853744
2292769312.8656487   89.74976971756409   82.14203249757654   78.99230194691073
2340827276.178294   89.8539874570936   82.25325698349306   79.10336444956133
2389892566.231053   89.95822454826181   82.36449803212223   79.21444519592492
2439986297.2595453   90.06248095749325   82.47575559130033   79.32554412685512
2491130026.0677857   90.16675665262923   82.58702961030426   79.4366611846252
2543345761.3046484   90.27105160292899   82.69832003985303   79.54779631292926
2596655972.9348726   90.37536577907083   82.80962683210913   79.65894945688419
2651083601.9085417   90.4796991531531   82.9209499406799   79.77012056303091
2706652070.0332355   90.58405169869516   83.03228932061893   79.88130957933599
2763385290.053167   90.68842339063843   83.14364492842725   79.99251645519304
2821307675.939471   90.79281420534736   83.25501672205469   80.1037411414241
2880444153.396298   90.8972241206101   83.3664046609011   80.21498359028105
2940820170.5870667   91.00165311563984   83.47780870581751   80.32624375544688
3002461709.085543   91.10610117107525   83.58922881910736   80.4375215920372
3065395295.056524   91.21056826898143   83.70066496452768   80.54881705660127
3129648010.6707506   91.31505439285077   83.81211710729006   80.66013010712344
3195247505.7592134   91.41955952760365   83.92358521406186   80.77146070302423
3262222009.7116733   91.52408365958918   84.03506925296726   80.88280880516169
3330600343.624582   91.62862677658588   84.14656919358806   80.99417437583227
3400411932.7037024   91.73318886780233   84.25808500696502   81.10555737877235
3471686818.9265594   91.8377699238778   84.36961666559849   81.21695777915886
3544455673.9704356   91.94236993688297   84.48116414344942   81.3283755436107
3618749812.411284   92.0469889003203   84.59272741594036   81.4398106401896
3694601205.199295   92.15162680912472   84.70430645995609   81.55126303840106
3772042493.4169936   92.25628365966404   84.81590125384464   81.66273270919545
3851107002.3255687   92.36095944973948   84.92751177741793   81.77421962496882
3931828755.70577   92.46565417858608   85.0391380119526   81.88572375956383
4014242490.499326   92.57036784687304   85.15077994019065   81.99724508827055
4098383671.757253   92.67510045670431   85.26243754634012   82.10878358782738
4184288507.901576   92.77985201161863   85.3741108160759   82.22033923642176
4271993966.3067765   92.88462251659008   85.4857997365401   82.33191201369095
4361537789.208006   92.98941197802826   85.59750429634276   82.44350190072271
4452958509.94266   93.09422040377844   85.70922448556237   82.55510888005603
4546295469.532391   93.19904780312194   85.8209602957464   82.66673293568174
4641588833.612773   93.30389418677625   85.93271171991177   82.77837405304321
4738879609.717651   93.40875956689513   86.04447875254522   82.89003221903685
4838209664.925958   93.51364395706865   86.15626138960381   83.00170742201267
4939621743.878325   93.61854737232343   86.26805962851523   83.11339965177474
5043159487.171349   93.7234698291226   86.37987346817818   83.22510889958187
5148867450.137487   93.82841134536585   86.49170290896262   83.33683515814782
5256791122.018419   93.93337194038932   86.60354795271012   83.44857842164187
5366976945.540476   94.03835163496558   86.71540860273402   83.56033868568906
5479472336.900292   94.14335045130358   86.82728486381959   83.67211594737073
5594325706.169389   94.24836841304841   86.93917674222436   83.78391020522454
5711586478.126423   94.35340554528135   87.05108424567804   83.89572145924504
5831305113.526218   94.45846187451951   87.16300738338282   84.00754971088377
5953533130.81437   94.5635374287156   87.27494616601321   84.11939496304937
6078323128.297236   94.66863223725777   87.38690060571628   84.23125722010795
6205728806.776513   94.77374633096913   87.49887071611153   84.34313648788302
6335804992.658241   94.87887974210763   87.61085651229072   84.4550327736557
6468607661.546321   94.98403250436573   87.7228580108182   84.5669460861649
6604193962.330305   95.08920465286968   87.83487522973029   84.67887643560704
6742622241.778349   95.19439622417937   87.94690818853536   84.79082383363627
6883952069.645511   95.29960725628783   88.05895690821383   84.90278829336441
7028244264.308338   95.40483778862064   88.1710214112175   85.01476982936074
7175560918.936921   95.51008786203549   88.2831017214698   85.12676845765212
7325965428.21523   95.6153575188215   88.39519786436504   85.23878419572257
7479522515.621829   95.72064680269865   88.50730986676845   85.35081706251329
7636298261.282257   95.82595575881732   88.61943775701548   85.46286707842228
7796360130.405221   95.93128443375724   88.73158156491166   85.57493426530422
7959777002.314978   96.03663287552736   88.84374132173214   85.68701864647018
8126619200.091946   96.14200113356439   88.95591706022097   85.7991202466871
8296958520.834915   96.24738925873257   89.06810881459083   85.91123909217771
8470868266.55742   96.3527973033227   89.18031662052258   86.02337521061992
8648423275.731709   96.45822532105122   89.29254051516419   86.1355286311463
8829699955.494083   96.56367336705941   89.40478053713089   86.24769938434412
9014776314.524918   96.66914149791242   89.51703672650366   86.35988750225421
9203731996.61823   96.77462977159843   89.62930912482925   86.4720930183707
9396648314.95471   96.88013824752751   89.74159777511905   86.58431596764058
9593608287.093126   96.98566698653066   89.85390272184846   86.69655638646275
9794696670.695385   97.09121605085892   89.9662240109562   86.80881431268784
10000000000.0   97.196785504182   90.07856168984313   86.92108978561697
