# `D+s` Integrated Spectrum / 1/GeV - 2024/07/17 22:45:28
# Magnetar:
#     R = 1e+06 cm
#     B = 3.16e+14 G
#     o = 1e+04 rad / s
#     chi = 0.95 rad
#     I = 1e+45 g * cm**2
#     mu = 1.58e+32 erg / G
#     tsd = 3.24e+03 s
#     lum = 1.54e+49 erg / s
#     E = 5.27e+11 GeV
#     spec = 2.2e+39
#     n = 3.09e+18 1 / cm**3
# Energy / GeV # Spectrum (1e2 - 1e4) / 1/GeV # Spectrum (1e4 - 1e5) / 1/GeV # Spectrum (1e2 - 1e7) / 1/GeV
100000.0   6.824633173940558e+33   6.342998350444277e+33   1.628403065184714e+34
117681.19524349991   5.290600703522756e+33   5.105542777846934e+33   1.2928456286808753e+34
138488.63713938717   4.094690568223493e+33   4.109432338681768e+33   1.0261710559336888e+34
162975.08346206436   3.163615465866422e+33   3.3075932843821995e+33   8.14295238781454e+33
191791.02616724887   2.4397461080118073e+33   2.662134172127612e+33   6.460018198326727e+33
225701.97196339216   1.8778072193259756e+33   2.1425546173486347e+33   5.123607369417615e+33
265608.7782946684   1.4422632598505958e+33   1.7243035011534015e+33   4.06264176075313e+33
312571.58496882353   1.1052512021318938e+33   1.3876184533849978e+33   3.220563164355289e+33
367837.97718286345   8.449469800466602e+32   1.1165917348226293e+33   2.5523798570338628e+33
432876.12810830615   6.442755372825283e+32   8.98418349182401e+32   2.0223113106166857e+33
509413.8014816375   4.898929533345742e+32   7.227908335464017e+32   1.6019104193153e+33
599484.2503189408   3.71383880940909e+32   5.8141211230439294e+32   1.268566842268897e+33
705480.2310718645   2.8062926273387883e+32   4.676033827331809e+32   1.0043144443098459e+33
830217.5681319735   2.1130862192389654e+32   3.7598849402905254e+32   7.948813185374052e+32
977009.9572992247   1.585086327646112e+32   3.0223989846085367e+32   6.289332664929707e+32
1149756.9953977356   1.1841556259833168e+32   2.428741643245906e+32   4.9747151700763405e+32
1353047.7745798077   8.807385034963994e+31   1.950873831118927e+32   3.9335338062394995e+32
1592282.793341094   6.519679509830148e+31   1.5662268834954208e+32   3.109108611039141e+32
1873817.422860383   4.801827110268312e+31   1.2566361977052577e+32   2.4564729765636504e+32
2205130.739903046   3.5176720299468972e+31   1.0074828519597959e+32   1.9399614622382884e+32
2595024.2113997373   2.562452486490757e+31   8.0700251358993155e+31   1.5312922956253595e+32
3053855.5088334125   1.8557327944625705e+31   6.457288150677285e+31   1.2080435721998072e+32
3593813.6638046256   1.3359023738502397e+31   5.16044731094054e+31   9.524426848017258e+31
4229242.8743894985   9.559036259720569e+30   4.118206916651089e+31   7.5040488372399695e+31
4977023.564332114   6.799201032989407e+30   3.281224852319051e+31   5.907699245744559e+31
5857020.818056662   4.808107948163551e+30   2.609755797211142e+31   4.646961709624195e+31
6892612.104349695   3.381204246267826e+30   2.0717533782010724e+31   3.6517981645876577e+31
8111308.307896872   2.3653267013013515e+30   1.6413473376361773e+31   2.8667350168240083e+31
9545484.566618327   1.6466441727758647e+30   1.2976268766731308e+31   2.2478386850075075e+31
11233240.329780266   1.1412456630977262e+30   1.0236721209994368e+31   1.7603178631833873e+31
13219411.484660286   7.87803487442215e+29   8.057842310404829e+30   1.3766232253702845e+31
15556761.439304722   5.418810398131348e+29   6.328724718484227e+30   1.0749418395366396e+31
18307382.802953698   3.7155114618337285e+29   4.9596406635179946e+30   8.380046658478486e+30
21544346.900318824   2.5405763276222977e+29   3.878097145415757e+30   6.521422876271881e+30
25353644.939701114   1.733012117651933e+29   3.0256388808684653e+30   5.0653734746650636e+30
29836472.402833343   1.1796907237166059e+29   2.3552412638471727e+30   3.9263274352447614e+30
35111917.34215128   8.015999014655936e+28   1.8291750448199915e+30   3.036630508922263e+30
41320124.00115334   5.438512295052011e+28   1.417253360259597e+30   2.3428332746085818e+30
48626015.80065353   3.6849405994783393e+28   1.0953922925012817e+30   1.802748103097632e+30
57223676.5935022   2.493959962369142e+28   8.444305898879271e+29   1.3831129847548097e+30
67341506.57750829   1.6862596878915204e+28   6.491644800727819e+29   1.0577347419712435e+30
79248289.8353917   1.1391750628289178e+28   4.975611197379e+29   8.060119693592832e+29
93260334.688322   7.690083862704708e+27   3.801201195774967e+29   6.1176015456146476e+29
109749876.54930545   5.18775091328354e+27   2.8935736882114164e+29   4.622784726300931e+29
129154966.50148827   3.4974964046673234e+27   2.1938940769879337e+29   3.47610332685185e+29
151991108.2952933   2.35655986357121e+27   1.6560005043848984e+29   2.5995888586479018e+29
178864952.9057435   1.586887070540242e+27   1.2437394937091491e+29   1.932257639067103e+29
210490414.45120218   1.0679564305120037e+27   9.288437266922011e+28   1.4264736242168474e+29
247707635.5991714   7.182648859983721e+26   6.892468567016669e+28   1.0450819526524518e+29
291505306.28251696   4.8273896047425334e+26   5.077491376251129e+28   7.5915109778595115e+28
343046928.63149124   3.241889823919422e+26   3.7096357344745077e+28   5.46195445373318e+28
403701725.85965496   2.1751603460313464e+26   2.6848560132038493e+28   3.887769641948106e+28
475081016.21027935   1.4578949878798796e+26   1.9224034424552089e+28   2.7340588476050095e+28
559081018.2512223   9.759374412870883e+25   1.3597052721180936e+28   1.8967710697898598e+28
657933224.6575682   6.523476352905789e+25   9.483553898413645e+27   1.2959234646697546e+28
774263682.6811278   4.352885880767275e+25   6.509810856989033e+27   8.702853252151785e+27
911162756.1154869   2.8984925479216606e+25   4.387988738477457e+27   5.732126915714952e+27
1072267222.0103253   1.925270265327747e+25   2.897109071078364e+27   3.693872461094941e+27
1261856883.0660183   1.2750630849155696e+25   1.8682431086984193e+27   2.322649036816667e+27
1484968262.2544634   8.414937790425197e+24   1.173002109345572e+27   1.4208039710249513e+27
1747528400.007683   5.530513053726548e+24   7.145859738154641e+26   8.428651309789541e+26
2056512308.3486514   3.6169433208750055e+24   4.208052300633046e+26   4.8332328350865534e+26
2420128264.7943835   2.3517380147638666e+24   2.3861404523003097e+26   2.6705334845173886e+26
2848035868.4357934   1.5186227376884734e+24   1.2979194056787331e+26   1.4178926878975005e+26
3351602650.9388475   9.727253486366051e+23   6.749607199468623e+25   7.220266459350534e+25
3944206059.437648   6.171430512619065e+23   3.3478949885229237e+25   3.5246821561668383e+25
4641588833.612773   3.871754598218215e+23   1.5829594211741266e+25   1.6518159971944979e+25
5462277217.684337   2.3972009002717704e+23   7.147458955815556e+24   7.457336705271371e+24
6428073117.284319   1.4614345009197453e+23   3.094730149330997e+24   3.2595518832227633e+24
7564633275.54629   8.74914002845383e+22   1.2915955025251406e+24   1.386822141853541e+24
8902150854.450356   5.127343027090484e+22   5.21509061319778e+23   5.7691410445342245e+23
10476157527.896662   2.930547301580256e+22   2.0375159791146715e+23   2.353005592489671e+23
12328467394.420633   1.6264283077261258e+22   7.674267249695719e+22   9.417971506765005e+22
14508287784.95943   8.719854409435107e+21   2.7666458192074915e+22   3.6970104097408096e+22
17073526474.706886   4.4887680732126086e+21   9.445206488901417e+21   1.4207780375072652e+22
20092330025.65046   2.2028276208728211e+21   3.0086899145435403e+21   5.330859356119605e+21
23644894126.45407   1.0220018437690769e+21   8.763747481486153e+20   1.9458476511179776e+21
27825594022.07126   4.440356827863206e+20   2.2705733245351956e+20   6.87907400256647e+20
32745491628.777317   1.7880240555802925e+20   5.0336317879042785e+19   2.342630799370293e+20
38535285937.105194   6.603616154779882e+19   9.026799324602812e+18   7.634137519867283e+19
45348785081.28591   2.2170262361093677e+19   1.2024167109816614e+18   2.3614737671270015e+19
53366992312.06302   6.730417225436601e+18   1.0355359497326302e+17   6.864768428392837e+18
62802914418.34247   1.845441152561256e+18   4438176379951207.0   1.8520024546308987e+18
73907220335.25775   4.5626003745536845e+17   43166941812083.89   4.5634913690228154e+17
86974900261.77835   1.0060040657989504e+17   1129190579.7658932   1.006004197285118e+17
102353102189.90268   1.930262033570361e+16   0.0   1.930262033570361e+16
120450354025.87787   3105056290672008.0   0.0   3105056290672008.0
141747416292.68076   397160852396797.75   0.0   397160852396797.75
166810053720.00558   37345266320016.87   0.0   37345266320016.87
196304065004.02686   2277365002554.6753   0.0   2277365002554.6753
231012970008.3158   71492664068.9526   0.0   71492664068.9526
271858824273.294   658454644.5025989   0.0   658454644.5025989
319926713779.73846   238944.80163939804   0.0   238944.80163939804
376493580679.2456   0.0   0.0   0.0
443062145758.3887   0.0   0.0   0.0
521400828799.9674   0.0   0.0   0.0
613590727341.3163   0.0   0.0   0.0
722080901838.5457   0.0   0.0   0.0
849753435908.6438   0.0   0.0   0.0
1000000000000.0   0.0   0.0   0.0
