# `Lam+c` Integrated Spectrum / 1/GeV - 2024/07/17 22:45:28
# Magnetar:
#     R = 1e+06 cm
#     B = 3.16e+14 G
#     o = 1e+04 rad / s
#     chi = 0.95 rad
#     I = 1e+45 g * cm**2
#     mu = 1.58e+32 erg / G
#     tsd = 3.24e+03 s
#     lum = 1.54e+49 erg / s
#     E = 5.27e+11 GeV
#     spec = 2.2e+39
#     n = 3.09e+18 1 / cm**3
# Energy / GeV # Spectrum (1e2 - 1e4) / 1/GeV # Spectrum (1e4 - 1e5) / 1/GeV # Spectrum (1e2 - 1e7) / 1/GeV
100000.0   4.078762702708936e+33   3.3291317911667895e+33   9.045948206670018e+33
117681.19524349991   3.183429848560644e+33   2.6797992729533767e+33   7.194298737303225e+33
138488.63713938717   2.4815401983307132e+33   2.157107841845441e+33   5.720210233630621e+33
162975.08346206436   1.9318664773183784e+33   1.7363565484086218e+33   4.5469910376160505e+33
191791.02616724887   1.5018648067025526e+33   1.3976626461904395e+33   3.613467715858424e+33
225701.97196339216   1.1658643002650626e+33   1.125021677579599e+33   2.870856718567015e+33
265608.7782946684   9.036308485591486e+32   9.05550926947231e+32   2.2802644902288758e+33
312571.58496882353   6.992283121204396e+32   7.288804657291195e+32   1.8106901751895639e+33
367837.97718286345   5.40116005330793e+32   5.8666299436686266e+32   1.4374301990105285e+33
432876.12810830615   4.164338337568323e+32   4.721793042785098e+32   1.1408041342517577e+33
509413.8014816375   3.204363930218156e+32   3.800207050426678e+32   9.051373739862847e+32
599484.2503189408   2.4604525974823768e+32   3.058334016617392e+32   7.179490365750415e+32
705480.2310718645   1.8849501450765e+32   2.4611273628836735e+32   5.693038509785895e+32
830217.5681319735   1.4405356000904744e+32   1.980375667265078e+32   4.512950358973635e+32
977009.9572992247   1.0980129587390137e+32   1.593369518874736e+32   3.576317990966068e+32
1149756.9953977356   8.345689246723799e+31   1.2818284195996002e+32   2.833103744595149e+32
1353047.7745798077   6.323993645216455e+31   1.0310370059232152e+32   2.2435174721899066e+32
1592282.793341094   4.776273246547912e+31   8.291497603583026e+31   1.775926035759524e+32
1873817.422860383   3.5945144199764333e+31   6.666313475968045e+31   1.4051874861336474e+32
2205130.739903046   2.6947628439133036e+31   5.358061218470516e+31   1.1113240147290159e+32
2595024.2113997373   2.011862437054248e+31   4.30495511971236e+31   8.784650760586372e+31
3053855.5088334125   1.495326130230718e+31   3.4572614371741645e+31   6.940059135691194e+31
3593813.6638046256   1.106098343328816e+31   2.7749489953175453e+31   5.479377768959585e+31
4229242.8743894985   8.140194534427356e+30   2.2257980362086837e+31   4.3231495149689895e+31
4977023.564332114   5.958425368306635e+30   1.7838777981410671e+31   3.4083077712308474e+31
5857020.818056662   4.336843697438391e+30   1.4283206518085827e+31   2.68480466030382e+31
6892612.104349695   3.1381773056066896e+30   1.1423345892581246e+31   2.112930303030084e+31
8111308.307896872   2.2573171813906954e+30   9.12407175544104e+30   1.6611821820829324e+31
9545484.566618327   1.6140210631882136e+30   7.276633568651123e+30   1.3045722451000898e+31
11233240.329780266   1.1472563313696063e+30   5.793472103309487e+30   1.023282249689781e+31
13219411.484660286   8.108149908675535e+29   4.60404022715723e+30   8.015960743100952e+30
15556761.439304722   5.699101081491469e+29   3.651440401969997e+30   6.27052241256234e+30
18307382.802953698   3.985274419520881e+29   2.889729043067672e+30   4.8977146566609224e+30
21544346.900318824   2.7735979290989664e+29   2.2817640963362333e+30   3.819232534851132e+30
25353644.939701114   1.9219472020916688e+29   1.7974914710983313e+30   2.97302899187517e+30
29836472.402833343   1.3265883298302451e+29   1.4125818109672918e+30   2.3099606440367527e+30
35111917.34215128   9.124508844297693e+28   1.1073436262651123e+30   1.7911276099429408e+30
41320124.00115334   6.256557629297304e+28   8.658526358434871e+29   1.3857626715660644e+30
48626015.80065353   4.278349347939105e+28   6.75249886659386e+29   1.0695547535499897e+30
57223676.5935022   2.9186342056472837e+28   5.251722185405603e+29   8.233156697072608e+29
67341506.57750829   1.9869072937315597e+28   4.0728754305067374e+29   6.3191851678289705e+29
79248289.8353917   1.3501605408939279e+28   3.1491420264990097e+29   4.834518120090291e+29
93260334.688322   9.160135656500247e+27   2.4270864320211706e+29   3.685459249934892e+29
109749876.54930545   6.205970495810812e+27   1.8640916945402275e+29   2.7983779026327515e+29
129154966.50148827   4.199289081275186e+27   1.4262606011619634e+29   2.1154666907896734e+29
151991108.2952933   2.8382586332997016e+27   1.086701287666534e+29   1.5913865045445452e+29
178864952.9057435   1.916353185901249e+27   8.2413171807042e+28   1.1906162309514691e+29
210490414.45120218   1.292615984172893e+27   6.2174806533398145e+28   8.853603806753146e+28
247707635.5991714   8.710492395175829e+26   4.663107036552356e+28   6.538980211054942e+28
291505306.28251696   5.863941229642431e+26   3.4740883903917327e+28   4.7928064377787355e+28
343046928.63149124   3.943573385869713e+26   2.5687107778763924e+28   3.4830582121206707e+28
403701725.85965496   2.6491571066050442e+26   1.8829464191139554e+28   2.5070875205967447e+28
475081016.21027935   1.777420423580328e+26   1.3667059617246423e+28   1.7852587497890043e+28
559081018.2512223   1.1908744361237606e+26   9.808643317743387e+27   1.2559430347344946e+28
657933224.6575682   7.9660534170056e+25   6.949073932641661e+27   8.715841445220777e+27
774263682.6811278   5.318715281012527e+25   4.8507500865846494e+27   5.956092416491809e+27
911162756.1154869   3.5433576869789146e+25   3.328996972850999e+27   4.000053332971542e+27
1072267222.0103253   2.354486354602694e+25   2.240595510486802e+27   2.6341978261750215e+27
1261856883.0660183   1.5597095750433672e+25   1.4747997259770576e+27   1.6967292880257515e+27
1484968262.2544634   1.0294636594748601e+25   9.463169147673669e+26   1.065943172684172e+27
1747528400.007683   6.765579281907473e+24   5.8982883524308366e+26   6.511257532775801e+26
2056512308.3486514   4.423630545886512e+24   3.557151804610532e+26   3.8543634149795784e+26
2420128264.7943835   2.874904238555393e+24   2.0670698770772795e+26   2.20336411248951e+26
2848035868.4357934   1.855054669493877e+24   1.152513122338964e+26   1.212221337071787e+26
3351602650.9388475   1.1868946337457269e+24   6.141297255353743e+25   6.3992048779650515e+25
3944206059.437648   7.518371962120496e+23   3.1177674300369512e+25   3.2343265266262045e+25
4641588833.612773   4.70661922761067e+23   1.505587565557323e+25   1.5640724790474111e+25
5462277217.684337   2.9056795638281122e+23   6.91966129019156e+24   7.246258053296927e+24
6428073117.284319   1.764641004913932e+23   3.0349151858664696e+24   3.227392488153442e+24
7564633275.54629   1.0511319032550173e+23   1.2749555459512936e+24   1.3888010579645187e+24
8902150854.450356   6.119838200417069e+22   5.14395652924633e+23   5.804451643672873e+23
10476157527.896662   3.4682881987947688e+22   1.9930955998114452e+23   2.3659875146491576e+23
12328467394.420633   1.9039636087985546e+22   7.3889375583527944e+22   9.42681050009963e+22
14508287784.95943   1.006574223808918e+22   2.600570772294997e+22   3.6722955473786113e+22
17073526474.706886   5.089560441264064e+21   8.582119672723897e+21   1.3968048919801219e+22
20092330025.65046   2.441329050825367e+21   2.608302834186994e+21   5.173590372967974e+21
23644894126.45407   1.1004540949464574e+21   7.118157153270434e+20   1.8588700137951343e+21
27825594022.07126   4.611912237299383e+20   1.682753253174239e+20   6.447199527727353e+20
32745491628.777317   1.776835543314099e+20   3.269973409501789e+19   2.1453402245489718e+20
38535285937.105194   6.227502027058845e+19   4.822149746729945e+18   6.797210727746928e+19
45348785081.28591   1.9711736133106913e+19   4.742604892766538e+17   2.03134207176458e+19
53366992312.06302   5.623486904811751e+18   2.468724143624567e+16   5.65868864254202e+18
62802914418.34247   1.4466932259077478e+18   361395195560381.7   1.4473794586906793e+18
73907220335.25775   3.3333775755087296e+17   19152723212.56408   3.33337956763507e+17
86974900261.77835   6.735057725627592e+16   0.0   6.735057725627592e+16
102353102189.90268   1.1522947523549532e+16   0.0   1.1522947523549532e+16
120450354025.87787   1587987897957131.0   0.0   1587987897957131.0
141747416292.68076   163764629084848.9   0.0   163764629084848.9
166810053720.00558   11257769876043.742   0.0   11257769876043.742
196304065004.02686   419972961191.12714   0.0   419972961191.12714
231012970008.3158   5194308657.608445   0.0   5194308657.608445
271858824273.294   3115250.0966481413   0.0   3115250.0966481413
319926713779.73846   0.0   0.0   0.0
376493580679.2456   0.0   0.0   0.0
443062145758.3887   0.0   0.0   0.0
521400828799.9674   0.0   0.0   0.0
613590727341.3163   0.0   0.0   0.0
722080901838.5457   0.0   0.0   0.0
849753435908.6438   0.0   0.0   0.0
1000000000000.0   0.0   0.0   0.0
