# `pi` Integrated Spectrum / 1/GeV - 2024/07/17 22:45:28
# Magnetar:
#     R = 1e+06 cm
#     B = 3.16e+14 G
#     o = 1e+04 rad / s
#     chi = 0.95 rad
#     I = 1e+45 g * cm**2
#     mu = 1.58e+32 erg / G
#     tsd = 3.24e+03 s
#     lum = 1.54e+49 erg / s
#     E = 5.27e+11 GeV
#     spec = 2.2e+39
#     n = 3.09e+18 1 / cm**3
# Energy / GeV # Spectrum (1e2 - 1e4) / 1/GeV # Spectrum (1e4 - 1e5) / 1/GeV # Spectrum (1e2 - 1e7) / 1/GeV
100000.0   3.366529874896725e+33   4.5598302985037294e+36   4.4354060105260825e+38
117681.19524349991   2.3998150419347482e+33   3.256468435321303e+36   3.651075387432803e+38
138488.63713938717   1.710099091930354e+33   2.3223271207982042e+36   3.000094482550723e+38
162975.08346206436   1.2181734508259958e+33   1.6539892060008803e+36   2.4606137853367034e+38
191791.02616724887   8.674355016891922e+32   1.1765748364893337e+36   2.014243391398149e+38
225701.97196339216   6.174489320947193e+32   8.360274849034183e+35   1.645522042485915e+38
265608.7782946684   4.393351826712821e+32   5.9342376507303906e+35   1.3414654137237575e+38
312571.58496882353   3.1247626190440045e+32   4.207999614327613e+35   1.0911821055449522e+38
367837.97718286345   2.2215644601182272e+32   2.9810578491416097e+35   8.855474440145245e+37
432876.12810830615   1.5787599321376296e+32   2.10990044313228e+35   7.1692660883722215e+37
509413.8014816375   1.1214572273074456e+32   1.4919669346791034e+35   5.789398251799873e+37
599484.2503189408   7.962558353763113e+31   1.0540650253067172e+35   4.6626340094578165e+37
705480.2310718645   5.650922928009202e+31   7.440271489396538e+34   3.74461289053876e+37
830217.5681319735   4.0084476080934156e+31   5.2471420305416205e+34   2.9984262510107924e+37
977009.9572992247   2.8419472484656183e+31   3.6971458120577546e+34   2.3934135218690105e+37
1149756.9953977356   2.0138696089721643e+31   2.6026451074926123e+34   1.9041461194608075e+37
1353047.7745798077   1.4263116377314104e+31   1.8304625796690694e+34   1.5095706710978907e+37
1592282.793341094   1.0096179940160042e+31   1.286161117748116e+34   1.192287375647742e+37
1873817.422860383   7.14250849881633e+30   9.02833972733334e+33   9.379428868339267e+36
2205130.739903046   5.049943468443823e+30   6.331201662014483e+33   7.347201608899209e+36
2595024.2113997373   3.568247277267747e+30   4.4352315026055495e+33   5.729103226363008e+36
3053855.5088334125   2.5196846999914042e+30   3.103722737194927e+33   4.445538375245659e+36
3593813.6638046256   1.7780744988988006e+30   2.1695468328630056e+33   3.4314018554188564e+36
4229242.8743894985   1.2538782288280567e+30   1.5148025507448993e+33   2.633568624138001e+36
4977023.564332114   8.835904855501136e+29   1.0563884514068659e+33   2.0087992411027046e+36
5857020.818056662   6.2219279939084704e+29   7.357831931996503e+32   1.5219947650063885e+36
6892612.104349695   4.377887565333341e+29   5.118124079404181e+32   1.1447452254600037e+36
8111308.307896872   3.07791496069928e+29   3.555335776533745e+32   8.541243994572181e+35
9545484.566618327   2.1621559244195307e+29   2.466217012893424e+32   6.3169094377986165e+35
11233240.329780266   1.5175429457291057e+29   1.7081753730589383e+32   4.6266216026685956e+35
13219411.484660286   1.0641501627737774e+29   1.1812755265159303e+32   3.352319595675012e+35
15556761.439304722   7.45514725708265e+28   8.155522615472197e+31   2.400090779943113e+35
18307382.802953698   5.217751156912212e+28   5.620764040570585e+31   1.6955540894902555e+35
21544346.900318824   3.6480911539315695e+28   3.8666915321717788e+31   1.1800753589254538e+35
25353644.939701114   2.5479057070337466e+28   2.654838325011091e+31   8.076728434576721e+34
29836472.402833343   1.7775230807997018e+28   1.8190323130140907e+31   5.42494200071359e+34
35111917.34215128   1.238622112553498e+28   1.2436295718263325e+31   3.56765723270375e+34
41320124.00115334   8.620451077422647e+27   8.482598947178653e+30   2.2913112487887003e+34
48626015.80065353   5.991877441675213e+27   5.771474849619202e+30   1.433110900577587e+34
57223676.5935022   4.159201069849653e+27   3.9164289617083623e+30   8.70266441951856e+33
67341506.57750829   2.882977042056139e+27   2.650066357015791e+30   5.1139395841273564e+33
79248289.8353917   1.9953754424765785e+27   1.7876993497689472e+30   2.897031606221498e+33
93260334.688322   1.3788771179913597e+27   1.201990345183304e+30   1.5759958586800162e+33
109749876.54930545   9.512758820808545e+26   8.053070050732076e+29   8.20822404197955e+32
129154966.50148827   6.55128782373632e+26   5.374610520980397e+29   4.0893258472219816e+32
151991108.2952933   4.503414060337376e+26   3.572005014084258e+29   1.9540438525592825e+32
178864952.9057435   3.0896111661788063e+26   2.3631535137664152e+29   9.017106439241962e+31
210490414.45120218   2.1152406147765308e+26   1.5556051066505261e+29   4.0562588528289436e+31
247707635.5991714   1.4449470524528222e+26   1.0184050998983877e+29   1.7947728413878323e+31
291505306.28251696   9.847291278796227e+25   6.626900578529042e+28   7.863470440669684e+30
343046928.63149124   6.693978922366259e+25   4.283381228089044e+28   3.4257745980232236e+30
403701725.85965496   4.538133298122133e+25   2.748037621895477e+28   1.4875448546446334e+30
475081016.21027935   3.0676778409262583e+25   1.7483898312473694e+28   6.445910714038598e+29
559081018.2512223   2.0672188904255955e+25   1.102019237397293e+28   2.7890525134081118e+29
657933224.6575682   1.388356385970072e+25   6.873104998118343e+27   1.2052750708957142e+29
774263682.6811278   9.29039236966136e+24   4.235571731739862e+27   5.2021567419552275e+28
911162756.1154869   6.19229725490329e+24   2.574731723969804e+27   2.2423658395450088e+28
1072267222.0103253   4.1096331096043256e+24   1.5407592745873936e+27   9.651128488328012e+27
1261856883.0660183   2.7146673448173007e+24   9.054520417166098e+26   4.1466157742521015e+27
1484968262.2544634   1.784011781376667e+24   5.2101648331394266e+26   1.777969415502578e+27
1747528400.007683   1.1657991483154863e+24   2.9252023729537427e+26   7.605279548641184e+26
2056512308.3486514   7.570751454216609e+23   1.595618625210897e+26   3.244029812350085e+26
2420128264.7943835   4.882568063892438e+23   8.413449042975502e+25   1.3791800076858445e+26
2848035868.4357934   3.124704668826677e+23   4.26351225905898e+25   5.8408517489113915e+25
3351602650.9388475   1.9825342314508722e+23   2.0636466497098667e+25   2.462423585122397e+25
3944206059.437648   1.2456980336976482e+23   9.490667605030359e+24   1.0326331238650256e+25
4641588833.612773   7.741547866756934e+22   4.141180031793437e+24   4.303648377490654e+24
5462277217.684337   4.751168226669463e+22   1.7265017660589152e+24   1.7806630912954969e+24
6428073117.284319   2.8742826301051197e+22   6.992931679566466e+23   7.305545196043456e+23
7564633275.54629   1.7101775430766842e+22   2.7822149076335355e+23   2.9677833988559928e+23
8902150854.450356   9.980202188250366e+21   1.0837861815509375e+23   1.1917842307366339e+23
10476157527.896662   5.692947549276596e+21   4.107646713044877e+22   4.721712152627604e+22
12328467394.420633   3.160555563065848e+21   1.5017362346287804e+22   1.8413418531712202e+22
14508287784.95943   1.698361147491698e+21   5.232212844447422e+21   7.048718534746303e+21
17073526474.706886   8.770932328116657e+20   1.7071279976143024e+21   2.6399831484781607e+21
20092330025.65046   4.3127477857511735e+20   5.080358015946496e+20   9.635766449626977e+20
23644894126.45407   1.9942476045208017e+20   1.3223150540562088e+20   3.410886056303665e+20
27825594022.07126   8.531205101737581e+19   2.798569876087559e+19   1.163996929785482e+20
32745491628.777317   3.306577728011902e+19   4.166951661911891e+18   3.800944629879306e+19
38535285937.105194   1.1346959021783298e+19   3.0198105930833805e+17   1.1763559563149742e+19
45348785081.28591   3.4031004912485366e+18   1579385133783105.0   3.4078669875166674e+18
53366992312.06302   9.08809168482415e+17   0.0   9.08809168482415e+17
62802914418.34247   2.1800898860049203e+17   0.0   2.1800898860049203e+17
73907220335.25775   4.549883056854262e+16   0.0   4.549883056854262e+16
86974900261.77835   7851492718247821.0   0.0   7851492718247821.0
102353102189.90268   1030517182358638.5   0.0   1030517182358638.5
120450354025.87787   88212306763924.6   0.0   88212306763924.6
141747416292.68076   3513866110507.604   0.0   3513866110507.604
166810053720.00558   22349604458.46974   0.0   22349604458.46974
196304065004.02686   0.0   0.0   0.0
231012970008.3158   0.0   0.0   0.0
271858824273.294   0.0   0.0   0.0
319926713779.73846   0.0   0.0   0.0
376493580679.2456   0.0   0.0   0.0
443062145758.3887   0.0   0.0   0.0
521400828799.9674   0.0   0.0   0.0
613590727341.3163   0.0   0.0   0.0
722080901838.5457   0.0   0.0   0.0
849753435908.6438   0.0   0.0   0.0
1000000000000.0   0.0   0.0   0.0
