# `D0` Integrated Spectrum / 1/GeV - 2024/07/19 13:23:11
# Magnetar:
#     R = 1e+06 cm
#     B = 3.16e+14 G
#     o = 1e+04 rad / s
#     chi = 0.95 rad
#     I = 1e+45 g * cm**2
#     mu = 1.58e+32 erg / G
#     tsd = 3.24e+03 s
#     lum = 1.54e+49 erg / s
#     E = 5.27e+11 GeV
#     spec = 2.2e+39
#     n = 3.09e+18 1 / cm**3
# Energy / GeV # Spectrum (1e3 - 1e3) / 1/GeV # Spectrum (1e4 - 1e5) / 1/GeV # Spectrum (1e3 - 1e7) / 1/GeV
100000.0   5.291086817906242e+34   4.811912330902517e+34   1.2476396549456086e+35
117681.19524349991   4.118276852931221e+34   3.873241509495235e+34   9.920034090336251e+34
138488.63713938717   3.1997017589994485e+34   3.1176414504699754e+34   7.8842741999423175e+34
162975.08346206436   2.4814339581195395e+34   2.5094049484382755e+34   6.26388386297378e+34
191791.02616724887   1.9207283846237626e+34   2.0197898640162647e+34   4.974700013257257e+34
225701.97196339216   1.483762266390343e+34   1.6256604167245896e+34   3.9494628167102236e+34
265608.7782946684   1.143817879330039e+34   1.3083935459677375e+34   3.1344597285607415e+34
312571.58496882353   8.798247114315398e+33   1.0529986251636491e+34   2.486825770165361e+34
367837.97718286345   6.751925461674003e+33   8.474089043378504e+33   1.9723742530758344e+34
432876.12810830615   5.1687942400655944e+33   6.819111779309861e+33   1.563855687343505e+34
509413.8014816375   3.9464874305528586e+33   5.486867113629795e+33   1.239561837171837e+34
599484.2503189408   3.004782791406727e+33   4.414417212569781e+33   9.822076065146289e+33
705480.2310718645   2.2809093292344378e+33   3.551099390223859e+33   7.780362741033683e+33
830217.5681319735   1.725827881925215e+33   2.8561319603369194e+33   6.161040616634773e+33
977009.9572992247   1.301287956439506e+33   2.2966871213387582e+33   4.877085317713612e+33
1149756.9953977356   9.775025457102367e+32   1.846339773816185e+33   3.8593222212710355e+33
1353047.7745798077   7.313139990323116e+32   1.4838189425596233e+33   3.0527852088932213e+33
1592282.793341094   5.447494056729632e+32   1.1920027792653973e+33   2.4138131347897415e+33
1873817.422860383   4.03884442503432e+32   9.571096323621753e+32   1.9077358359538618e+33
2205130.739903046   2.97951132131466e+32   7.680469299548727e+32   1.507030938003036e+33
2595024.2113997373   2.1863820769805863e+32   6.158870662037024e+32   1.1898563830884704e+33
3053855.5088334125   1.5954340178520093e+32   4.93445461191111e+32   9.388826253508776e+32
3593813.6638046256   1.157454664706827e+32   3.949407665859404e+32   7.403637014495603e+32
4229242.8743894985   8.34704747133244e+31   3.157210597284756e+32   5.833986178451183e+32
4977023.564332114   5.983225007424473e+31   2.5204302350753855e+32   4.593442941143851e+32
5857020.818056662   4.263088926841117e+31   2.0089372267063074e+32   3.613491410962352e+32
6892612.104349695   3.019655801549665e+31   1.5984676023277744e+32   2.8398262047460007e+32
8111308.307896872   2.1268329810770894e+31   1.2694635460683847e+32   2.2294113993217857e+32
9545484.566618327   1.4900006885938197e+31   1.0061421608971136e+32   1.7481463589481787e+32
11233240.329780266   1.0386707931308292e+31   7.957505764960142e+31   1.3690138557717445e+32
13219411.484660286   7.207534092800391e+30   6.2797248829226225e+31   1.0706113325874781e+32
15556761.439304722   4.9808166602544455e+30   4.944563755331559e+31   8.35986421900492e+31
18307382.802953698   3.4293205073106485e+30   3.8844019363159453e+31   6.517139725366784e+31
21544346.900318824   2.3533817924426644e+30   3.0445169845895443e+31   5.071646785942152e+31
25353644.939701114   1.6103727905070475e+30   2.3806771755903056e+31   3.939256240767534e+31
29836472.402833343   1.0991823705687244e+30   1.8571942209523304e+31   3.0534118694888277e+31
35111917.34215128   7.486291646498031e+29   1.4453378380574965e+31   2.3614921995306573e+31
41320124.00115334   5.089155408470832e+29   1.122038530252949e+31   1.8219258861466585e+31
48626015.80065353   3.453972544960363e+29   8.688231288438036e+30   1.4019027583771322e+31
57223676.5935022   2.3408995111929972e+29   6.709406535791484e+30   1.075555744729661e+31
67341506.57750829   1.584597393770434e+29   5.166451982695837e+30   8.225154931790348e+30
79248289.8353917   1.0715065110381745e+29   3.966090342498274e+30   6.26760775513387e+30
93260334.688322   7.238766654909301e+28   3.0344386336526433e+30   4.7570454296258255e+30
109749876.54930545   4.886185206466465e+28   2.3131177569784533e+30   3.5946839564321525e+30
129154966.50148827   3.2956472549291904e+28   1.756103741409314e+30   2.703078714552067e+30
151991108.2952933   2.221239846838134e+28   1.3271895232001053e+30   2.0215816367420375e+30
178864952.9057435   1.4960340454737852e+28   9.979468421174023e+29   1.5027555034992752e+30
210490414.45120218   1.0068736935446467e+28   7.46095735508646e+29   1.1095459748774956e+30
247707635.5991714   6.771436543506649e+27   5.542045854481947e+29   8.130524804531461e+29
291505306.28251696   4.5502136955106634e+27   4.0865698588790616e+29   5.907721291574561e+29
343046928.63149124   3.0548367938859155e+27   2.98833055607448e+29   4.252170965680481e+29
403701725.85965496   2.0487813593754358e+27   2.1646242551836466e+29   3.028267733739996e+29
475081016.21027935   1.372414555136374e+27   1.5511417084715436e+29   2.1311244443279522e+29
559081018.2512223   9.180589296498065e+26   1.0979563318463374e+29   1.4798531315896485e+29
657933224.6575682   6.131197001088915e+26   7.663757078031362e+28   1.0122900506331409e+29
774263682.6811278   4.086779332239525e+26   5.264756236043477e+28   6.808584367756628e+28
911162756.1154869   2.7178452767663572e+26   3.551722925341231e+28   4.493264143485066e+28
1072267222.0103253   1.8025749651975434e+26   2.347177449860058e+28   2.9026844294570816e+28
1261856883.0660183   1.1917118021281726e+26   1.5152690125963986e+28   1.8307895780373764e+28
1484968262.2544634   7.84882389604602e+25   9.52636255166712e+27   1.1241869707328623e+28
1747528400.007683   5.146307997856252e+25   5.812803677034009e+27   6.699941780367769e+27
2056512308.3486514   3.35657971880578e+25   3.4299312572035236e+27   3.8632729941825727e+27
2420128264.7943835   2.175717581018472e+25   1.9497843415171213e+27   2.1484778758401576e+27
2848035868.4357934   1.4000392775717902e+25   1.0638458087929883e+27   1.1491392678697239e+27
3351602650.9388475   8.932252246631681e+24   5.5530191579883766e+26   5.8987788470132024e+26
3944206059.437648   5.641917539443722e+24   2.7663294959352753e+26   2.903374385313325e+26
4641588833.612773   3.5220544234540987e+24   1.3141463597309078e+26   1.3713161236522558e+26
5462277217.684337   2.1687375980539755e+24   5.960845015277574e+25   6.232472146420682e+25
6428073117.284319   1.3141848599081178e+24   2.590502153282517e+25   2.7377897882829276e+25
7564633275.54629   7.815833043794494e+23   1.0835003305007275e+25   1.1684597722185964e+25
8902150854.450356   4.547767651916227e+23   4.3767905653012164e+24   4.86777575174281e+24
10476157527.896662   2.579456059735689e+23   1.7082987053308257e+24   1.9857351113296642e+24
12328467394.420633   1.4200136860159151e+23   6.421577392006975e+23   7.942535574911627e+23
14508287784.95943   7.549084174913708e+22   2.309221063874872e+23   3.113903383796602e+23
17073526474.706886   3.852620299607404e+22   7.863125575236534e+22   1.1946996119433902e+23
20092330025.65046   1.8744174211062104e+22   2.4994474365488437e+22   4.4737635743904504e+22
23644894126.45407   8.624545854810222e+21   7.274349442455045e+21   1.6293246525511142e+22
27825594022.07126   3.7187940157832865e+21   1.8876999252333754e+21   5.745456510263661e+21
32745491628.777317   1.4877224921216091e+21   4.208636590713968e+20   1.9509018034121194e+21
38535285937.105194   5.46581603182217e+20   7.637361601238743e+19   6.335788673559399e+20
45348785081.28591   1.8272810960824952e+20   1.0376937909324657e+19   1.951511778169412e+20
53366992312.06302   5.522412286797809e+19   9.167716195299665e+17   5.640905909288198e+19
62802914418.34247   1.503556874735994e+19   4.005972683754517e+16   1.5094654445624052e+19
73907220335.25775   3.671957108618276e+18   474086884944871.75   3.6728535202230456e+18
86974900261.77835   7.930467442321905e+17   1474072869171.219   7.930499405552084e+17
102353102189.90268   1.468128158424726e+17   32633891.57232415   1.4681281622909808e+17
120450354025.87787   2.2144268545408936e+16   0.0   2.2144268545408936e+16
141747416292.68076   2511430704626062.0   0.0   2511430704626062.0
166810053720.00558   186541732985512.34   0.0   186541732985512.34
196304065004.02686   6925648709280.596   0.0   6925648709280.596
231012970008.3158   71918591580.69557   0.0   71918591580.69557
271858824273.294   207679835.5775229   0.0   207679835.5775229
319926713779.73846   2598.7562278553673   0.0   2598.7562278553673
376493580679.2456   0.0   0.0   0.0
443062145758.3887   0.0   0.0   0.0
521400828799.9674   0.0   0.0   0.0
613590727341.3163   0.0   0.0   0.0
722080901838.5457   0.0   0.0   0.0
849753435908.6438   0.0   0.0   0.0
1000000000000.0   0.0   0.0   0.0
