# `D+` Integrated Spectrum / 1/GeV - 2024/07/19 13:23:11
# Magnetar:
#     R = 1e+06 cm
#     B = 3.16e+14 G
#     o = 1e+04 rad / s
#     chi = 0.95 rad
#     I = 1e+45 g * cm**2
#     mu = 1.58e+32 erg / G
#     tsd = 3.24e+03 s
#     lum = 1.54e+49 erg / s
#     E = 5.27e+11 GeV
#     spec = 2.2e+39
#     n = 3.09e+18 1 / cm**3
# Energy / GeV # Spectrum (1e3 - 1e3) / 1/GeV # Spectrum (1e4 - 1e5) / 1/GeV # Spectrum (1e3 - 1e7) / 1/GeV
100000.0   4.805350199063096e+34   5.123862331787535e+34   1.2454611968728825e+35
117681.19524349991   3.703411814868055e+34   4.1238096917072157e+34   9.879190347144631e+34
138488.63713938717   2.847855880793658e+34   3.318799837599789e+34   7.833836755510675e+34
162975.08346206436   2.184834505831654e+34   2.6707904684116597e+34   6.21006150435248e+34
191791.02616724887   1.6720200788510123e+34   2.149159878132859e+34   4.92142579232313e+34
225701.97196339216   1.2761933428174302e+34   1.7292593943649743e+34   3.8990992503595902e+34
265608.7782946684   9.713244568895372e+33   1.3912482235057009e+34   3.0883022130151706e+34
312571.58496882353   7.370491810205773e+33   1.1191556059083411e+34   2.4454592406427186e+34
367837.97718286345   5.574610024670083e+33   9.001259347009977e+33   1.9359237022988068e+34
432876.12810830615   4.2015533594437124e+33   7.238111446655937e+33   1.532160322073594e+34
509413.8014816375   3.154744276772202e+33   5.818816419126898e+33   1.2122945947192878e+34
599484.2503189408   2.359117560308641e+33   4.6763265035538013e+33   9.589558073186834e+33
705480.2310718645   1.7564295483471088e+33   3.756673621203114e+33   7.583548237851373e+33
830217.5681319735   1.3015693460017663e+33   3.016419090750548e+33   5.995494285316466e+33
977009.9572992247   9.596623153230393e+32   2.420600927547681e+33   4.738594046154772e+33
1149756.9953977356   7.037991662933079e+32   1.941081575069427e+33   3.7440106734472316e+33
1353047.7745798077   5.132584709082244e+32   1.5552177714373343e+33   2.9571703661727394e+33
1592282.793341094   3.721180062603932e+32   1.2447893927252938e+33   2.3348189570336156e+33
1873817.422860383   2.681722480631115e+32   9.95136313166358e+32   1.842682831105241e+33
2205130.739903046   1.920905516353855e+32   7.944622680863255e+32   1.4536108609792896e+33
2595024.2113997373   1.3676393341010355e+32   6.332729549452992e+32   1.1460990192622024e+33
3053855.5088334125   9.679880490457652e+31   5.039224817553309e+32   9.031192929207571e+32
3593813.6638046256   6.812441383422857e+31   4.002478353392862e+32   7.11190469743781e+32
4229242.8743894985   4.768779638595e+31   3.1727526873003532e+32   5.5964109497909846e+32
4977023.564332114   3.3216050411165378e+31   2.5098550793279035e+32   4.4002504892697136e+32
5857020.818056662   2.3030713488314604e+31   1.9812677483769066e+32   3.45658290044293e+32
6892612.104349695   1.5902910289384058e+31   1.5606622385088852e+32   2.7125175679942717e+32
8111308.307896872   1.0940762438700754e+31   1.2267181077440074e+32   2.1262055665004464e+32
9545484.566618327   7.502512278848464e+30   9.621798986382707e+31   1.664536574395301e+32
11233240.329780266   5.130151015638671e+30   7.530995695805834e+31   1.301315474221568e+32
13219411.484660286   3.4992965543588717e+30   5.882234883437252e+31   1.0158191461930655e+32
15556761.439304722   2.381805702670535e+30   4.584930673048776e+31   7.91654497405679e+31
18307382.802953698   1.6182253077841355e+30   3.5663591267229324e+31   6.15855076531233e+31
21544346.900318824   1.0977291129243179e+30   2.7683011636229037e+31   4.7816656753631155e+31
25353644.939701114   7.436632844109596e+29   2.144284123656282e+31   3.7048172645502146e+31
29836472.402833343   5.032337797555301e+29   1.6573178271520443e+31   2.8639347506180663e+31
35111917.34215128   3.402121453184848e+29   1.2780411786049097e+31   2.208413370570041e+31
41320124.00115334   2.2981523402490984e+29   9.832100758289792e+30   1.698315505278003e+31
48626015.80065353   1.5513448587180718e+29   7.544686334538419e+30   1.3021529738965761e+31
57223676.5935022   1.046598592264476e+29   5.773547727109978e+30   9.951277793943192e+30
67341506.57750829   7.057110718417257e+28   4.4049879846527596e+30   7.577349517243244e+30
79248289.8353917   4.756342707167763e+28   3.349800776823647e+30   5.746522089870472e+30
93260334.688322   3.204316691848192e+28   2.5381256166301336e+30   4.3385777412766266e+30
109749876.54930545   2.1578589093620497e+28   1.9153477365733947e+30   3.259304477893928e+30
129154966.50148827   1.4525729314312812e+28   1.438840892409975e+30   2.4349553988032308e+30
151991108.2952933   9.774055661095457e+27   1.0753873068275211e+30   1.8078728213818314e+30
178864952.9057435   6.573864839460098e+27   7.99139377540728e+29   1.3330379985944234e+30
210490414.45120218   4.4193155411884194e+27   5.900132615401263e+29   9.753530619418256e+29
247707635.5991714   2.969259023554158e+27   4.324256128622189e+29   7.075010231895391e+29
291505306.28251696   1.9937056252455921e+27   3.1430218231632356e+29   5.0826184076301924e+29
343046928.63149124   1.337655415235644e+27   2.2630123635884936e+29   3.611881681420455e+29
403701725.85965496   8.9667708337285e+26   1.6120632283729513e+29   2.5356465700430074e+29
475081016.21027935   6.004281646681275e+26   1.134522521121929e+29   1.755906971938804e+29
559081018.2512223   4.0153922761006305e+26   7.8755663737150015e+28   1.1973912490484636e+29
657933224.6575682   2.6811890247712114e+26   5.382754578553574e+28   8.025342171950563e+28
774263682.6811278   1.7870185108518307e+26   3.6149847938340977e+28   5.275381650645425e+28
911162756.1154869   1.1884428284034574e+26   2.3802114665809904e+28   3.3928930702109095e+28
1072267222.0103253   7.883022078588309e+25   1.5327052896384721e+28   2.1294525434891944e+28
1261856883.0660183   5.212641287077681e+25   9.626296977655358e+27   1.3004795130583832e+28
1484968262.2544634   3.4341716601764427e+25   5.87947828720954e+27   7.704729257184763e+27
1747528400.007683   2.2526358891036194e+25   3.4811717067613273e+27   4.4145097681019697e+27
2056512308.3486514   1.4700141278094087e+25   1.9914853242478672e+27   2.438868549259461e+27
2420128264.7943835   9.534844883556455e+24   1.097060310029215e+27   1.2959081158067512e+27
2848035868.4357934   6.140478799095321e+24   5.800884505003435e+26   6.611732909069832e+26
3351602650.9388475   3.9214512715424887e+24   2.9363468314467796e+26   3.238074255250646e+26
3944206059.437648   2.4798168919764963e+24   1.4206208876357502e+26   1.5246209636985892e+26
4641588833.612773   1.5502132076766912e+24   6.570221881148339e+25   6.925785318927134e+25
5462277217.684337   9.561253968046906e+23   2.911978054912257e+25   3.0506092102630103e+25
6428073117.284319   5.805023484660882e+23   1.2425344836688777e+25   1.3099960430587114e+25
7564633275.54629   3.4602705941703976e+23   5.131378717071909e+24   5.509460614715485e+24
8902150854.450356   2.0187942398232328e+23   2.0579590485418333e+24   2.2760656619742726e+24
10476157527.896662   1.1486327703261439e+23   8.0113809959815e+23   9.247376779845249e+23
12328467394.420633   6.346565642808025e+22   3.013890829463453e+23   3.6940182803086836e+23
14508287784.95943   3.388494871262494e+22   1.0874857609431075e+23   1.4488936834681815e+23
17073526474.706886   1.7380138077224159e+22   3.724039983149626e+22   5.567642382404617e+22
20092330025.65046   8.505810780233962e+21   1.1932847700744193e+22   2.089897154120752e+22
23644894126.45407   3.9405553690224624e+21   3.510567665548485e+21   7.634900348170559e+21
27825594022.07126   1.712616523122337e+21   9.241780205878697e+20   2.7024859454875537e+21
32745491628.777317   6.913640701505955e+20   2.1007643925588938e+20   9.218160214342482e+20
38535285937.105194   2.565888224087985e+20   3.9165015450626e+19   3.00996108801821e+20
45348785081.28591   8.673005557006672e+19   5.539202203705128e+18   9.331414288952757e+19
53366992312.06302   2.6516550711879467e+19   5.2387051245558214e+17   2.7184809561337352e+19
62802914418.34247   7.30647366139433e+18   2.665791372644084e+16   7.344484570370301e+18
73907220335.25775   1.8076370828042033e+18   528927498822540.94   1.8085192237994022e+18
86974900261.77835   3.964832859120988e+17   3195872983658.747   3.9649011068207066e+17
102353102189.90268   7.489100894819702e+16   70817803.43717504   7.489100978740434e+16
120450354025.87787   1.1616248010442848e+16   0.0   1.1616248010442848e+16
141747416292.68076   1374137079847984.5   0.0   1374137079847984.5
166810053720.00558   109835501359772.8   0.0   109835501359772.8
196304065004.02686   4815771963613.601   0.0   4815771963613.601
231012970008.3158   85540582378.07825   0.0   85540582378.07825
271858824273.294   450859141.07874054   0.0   450859141.07874054
319926713779.73846   5638.961675428091   0.0   5638.961675428091
376493580679.2456   0.0   0.0   0.0
443062145758.3887   0.0   0.0   0.0
521400828799.9674   0.0   0.0   0.0
613590727341.3163   0.0   0.0   0.0
722080901838.5457   0.0   0.0   0.0
849753435908.6438   0.0   0.0   0.0
1000000000000.0   0.0   0.0   0.0
