# `K` Integrated Spectrum / 1/GeV - 2024/07/19 13:23:11
# Magnetar:
#     R = 1e+06 cm
#     B = 3.16e+14 G
#     o = 1e+04 rad / s
#     chi = 0.95 rad
#     I = 1e+45 g * cm**2
#     mu = 1.58e+32 erg / G
#     tsd = 3.24e+03 s
#     lum = 1.54e+49 erg / s
#     E = 5.27e+11 GeV
#     spec = 2.2e+39
#     n = 3.09e+18 1 / cm**3
# Energy / GeV # Spectrum (1e3 - 1e3) / 1/GeV # Spectrum (1e4 - 1e5) / 1/GeV # Spectrum (1e3 - 1e7) / 1/GeV
100000.0   4.975634627282133e+33   4.2396373690683053e+36   4.633406896860095e+37
117681.19524349991   3.5488883144353936e+33   3.221939305140685e+36   3.858143812249956e+37
138488.63713938717   2.530479776482188e+33   2.4315141032950666e+36   3.20830714943853e+37
162975.08346206436   1.803759629009397e+33   1.8224951923018702e+36   2.6642318581933254e+37
191791.02616724887   1.2853392433772593e+33   1.3570537113986462e+36   2.2092481584127715e+37
225701.97196339216   9.156252980750446e+32   1.0042029526306371e+36   1.8292371645896355e+37
265608.7782946684   6.520424655542913e+32   7.387923364951573e+35   1.512250898260719e+37
312571.58496882353   4.641825732226828e+32   5.406296334961084e+35   1.2481875530786586e+37
367837.97718286345   3.303338143711505e+32   3.9369548389785935e+35   1.0285141491833606e+37
432876.12810830615   2.349981925927738e+32   2.8543550734115367e+35   8.460298114579811e+36
509413.8014816375   1.6711637211560645e+32   2.061279800081273e+35   6.946638534875569e+36
599484.2503189408   1.1879873882192853e+32   1.4832955358148427e+35   5.693036659452307e+36
705480.2310718645   8.441858321226703e+31   1.0640057148656053e+35   4.6564811235497316e+36
830217.5681319735   5.996425082619436e+31   7.610823365741268e+34   3.800827420122771e+36
977009.9572992247   4.257643551607554e+31   5.430235534103262e+34   3.0957365253477273e+36
1149756.9953977356   3.0217798235778815e+31   3.8655888170077863e+34   2.5157728453763737e+36
1353047.7745798077   2.14371349723248e+31   2.746104294341843e+34   2.039638182184469e+36
1592282.793341094   1.5201083048039649e+31   1.9471631838406554e+34   1.6495217479041285e+36
1873817.422860383   1.0774058103011902e+31   1.3782810881488042e+34   1.330549121594185e+36
2205130.739903046   7.632624183193353e+30   9.740418105501232e+33   1.0703155043112354e+36
2595024.2113997373   5.404439679187776e+30   6.873301882278835e+33   8.584907431983757e+35
3053855.5088334125   3.824738819188419e+30   4.8432358864218436e+33   6.864854111561704e+35
3593813.6638046256   2.705321727513705e+30   3.4081163596692457e+33   5.471687870047623e+35
4229242.8743894985   1.9124646024433124e+30   2.395084538468835e+33   4.3463091772340796e+35
4977023.564332114   1.351189154087454e+30   1.680999883206692e+33   3.439820902958906e+35
5857020.818056662   9.54064278197512e+29   1.1783169756487618e+33   2.7118402258509203e+35
6892612.104349695   6.732368583693007e+29   8.249098359077493e+32   2.1290792352426793e+35
8111308.307896872   4.747625347198499e+29   5.7676458516027195e+32   1.664152925898522e+35
9545484.566618327   3.3457410816791485e+29   4.027469818815459e+32   1.2945794411128211e+35
11233240.329780266   2.3561559551598317e+29   2.8086509317833094e+32   1.0019426820827671e+35
13219411.484660286   1.6580569713823636e+29   1.956057920218958e+32   7.711918970946172e+34
15556761.439304722   1.1659121982985802e+29   1.3604028901331497e+32   5.900567021583217e+34
18307382.802953698   8.191997699643176e+28   9.44790473619293e+31   4.4855925921415705e+34
21544346.900318824   5.75118381275006e+28   6.551830681731363e+31   3.386081296961765e+34
25353644.939701114   4.034160907062806e+28   4.536520916934611e+31   2.536606995138149e+34
29836472.402833343   2.8272354113425485e+28   3.136078200603727e+31   1.8844309607572958e+34
35111917.34215128   1.979551671662585e+28   2.164321472265322e+31   1.3871824008412474e+34
41320124.00115334   1.3846823665461982e+28   1.4910463797280798e+31   1.0109413848483628e+34
48626015.80065353   9.675940256555912e+27   1.0253088957436404e+31   7.286576795042411e+33
57223676.5935022   6.754231757909355e+27   7.036682298777308e+30   5.1884953033515085e+33
67341506.57750829   4.7095268384190995e+27   4.8192740033153684e+30   3.6453537504913794e+33
79248289.8353917   3.2800048683629187e+27   3.29337682003751e+30   2.5235905322462393e+33
93260334.688322   2.2816204295602613e+27   2.2453668121434347e+30   1.7187549782848615e+33
109749876.54930545   1.5851052067423108e+27   1.5270482206814437e+30   1.1496933537601334e+33
129154966.50148827   1.0997419186421154e+27   1.0357716740221726e+30   7.538343901652652e+32
151991108.2952933   7.619238631537045e+26   7.005500210786407e+29   4.8338411282028096e+32
178864952.9057435   5.2709426490207675e+26   4.723748250204989e+29   3.0227347312908474e+32
210490414.45120218   3.6407106962772556e+26   3.174714657296647e+29   1.8371037204195817e+32
247707635.5991714   2.5105426530530496e+26   2.1260748026387138e+29   1.0810639263258651e+32
291505306.28251696   1.7281912579516774e+26   1.418337335790176e+29   6.134793815873383e+31
343046928.63149124   1.1874475061214341e+26   9.422418526991787e+28   3.34402780223551e+31
403701725.85965496   8.143050221487035e+25   6.231068612652333e+28   1.7454533527046744e+31
475081016.21027935   5.5725896260998965e+25   4.10008463706886e+28   8.714411100304997e+30
559081018.2512223   3.805102760268872e+25   2.6831168198205413e+28   4.1714289930434155e+30
657933224.6575682   2.592098536643127e+25   1.7452505810289718e+28   1.9269512285811626e+30
774263682.6811278   1.7613365503566334e+25   1.1276263252062127e+28   8.669660500364699e+29
911162756.1154869   1.1936073372112154e+25   7.231612611472732e+27   3.833578966297662e+29
1072267222.0103253   8.065347208167818e+24   4.59925661375385e+27   1.6773966374985876e+29
1261856883.0660183   5.432899297083621e+24   2.897866260861322e+27   7.293988301203597e+28
1484968262.2544634   3.6473775987185917e+24   1.8066949903033917e+27   3.1596775073910237e+28
1747528400.007683   2.4397819537632287e+24   1.1129854824420344e+27   1.3652281326643629e+28
2056512308.3486514   1.6255804985013049e+24   6.763288519100999e+26   5.886959518131951e+27
2420128264.7943835   1.0784546855499769e+24   4.045870996034132e+26   2.533787179862403e+27
2848035868.4357934   7.12131135113239e+23   2.3768226722276047e+26   1.0884647289219133e+27
3351602650.9388475   4.678297192871156e+23   1.3672236833165789e+26   4.665883964338386e+26
3944206059.437648   3.056065520205358e+23   7.673674454952782e+25   1.9952384626856214e+26
4641588833.612773   1.983940843218923e+23   4.184448945857855e+25   8.507966708152693e+25
5462277217.684337   1.279059166213397e+23   2.2057032113393144e+25   3.6159290014820328e+25
6428073117.284319   8.182867236129597e+22   1.1173933213788545e+25   1.5308494699157624e+25
7564633275.54629   5.19006479589314e+22   5.406803838290647e+24   6.4517436508721e+24
8902150854.450356   3.260029061538708e+22   2.4858174972742696e+24   2.704703475804536e+24
10476157527.896662   2.0253205474644943e+22   1.0843353275632185e+24   1.1268626977783098e+24
12328467394.420633   1.2425783858556775e+22   4.519322369962655e+23   4.660985421950621e+23
14508287784.95943   7.514667238348402e+21   1.8299256967491746e+23   1.9116616811468105e+23
17073526474.706886   4.4696848310828867e+21   7.278387125206828e+22   7.763414591079786e+22
20092330025.65046   2.6075199932510503e+21   2.834399198440886e+22   3.116582895347119e+22
23644894126.45407   1.486871219413721e+21   1.0739550436518043e+22   1.2343460612670157e+22
27825594022.07126   8.251630659969825e+20   3.9252292242852817e+21   4.811940412652418e+21
32745491628.777317   4.432352843041142e+20   1.3672183722133585e+21   1.8413228256947434e+21
38535285937.105194   2.2880116963188503e+20   4.4596674906896636e+20   6.89333908169999e+20
45348785081.28591   1.1244551722076982e+20   1.326836438375549e+20   2.5146632660916152e+20
53366992312.06302   5.1962107636997186e+19   3.45260843015613e+19   8.895088793523269e+19
62802914418.34247   2.2209375209536045e+19   7.305336694143567e+18   3.0324409746135794e+19
73907220335.25775   8.596603286110495e+18   1.0874663829614147e+18   9.886768555533828e+18
86974900261.77835   2.943388478590408e+18   7.87897418883146e+16   3.0520833648744893e+18
102353102189.90268   8.790634754920264e+17   411969609483815.06   8.80306776632843e+17
120450354025.87787   2.3289717182087936e+17   0.0   2.3289717182087936e+17
141747416292.68076   5.502276244174723e+16   0.0   5.502276244174723e+16
166810053720.00558   1.1133313339783436e+16   0.0   1.1133313339783436e+16
196304065004.02686   1795620160356029.8   0.0   1795620160356029.8
231012970008.3158   199987371163926.22   0.0   199987371163926.22
271858824273.294   10593221148350.44   0.0   10593221148350.44
319926713779.73846   34909157388.225075   0.0   34909157388.225075
376493580679.2456   0.0   0.0   0.0
443062145758.3887   0.0   0.0   0.0
521400828799.9674   0.0   0.0   0.0
613590727341.3163   0.0   0.0   0.0
722080901838.5457   0.0   0.0   0.0
849753435908.6438   0.0   0.0   0.0
1000000000000.0   0.0   0.0   0.0
