# `pi` Integrated Spectrum / 1/GeV - 2024/07/19 13:12:35
# Magnetar:
#     R = 1e+06 cm
#     B = 3.16e+14 G
#     o = 1e+04 rad / s
#     chi = 0.95 rad
#     I = 1e+45 g * cm**2
#     mu = 1.58e+32 erg / G
#     tsd = 3.24e+03 s
#     lum = 1.54e+49 erg / s
#     E = 5.27e+11 GeV
#     spec = 2.2e+39
#     n = 3.09e+18 1 / cm**3
# Energy / GeV # Spectrum (1e3 - 1e3) / 1/GeV # Spectrum (1e4 - 1e5) / 1/GeV # Spectrum (1e3 - 1e7) / 1/GeV
100000.0   3.365448586107122e+33   4.559830298504379e+36   4.435405999713201e+38
117681.19524349991   2.3990432840783762e+33   3.256468435321952e+36   3.651075379715231e+38
138488.63713938717   1.7095484145579909e+33   2.3223271207988536e+36   3.000094477043956e+38
162975.08346206436   1.2177806366564387e+33   1.6539892060015293e+36   2.4606137814085683e+38
191791.02616724887   8.67155379521944e+32   1.1765748364899829e+36   2.014243388596934e+38
225701.97196339216   6.172492336649218e+32   8.360274849040675e+35   1.6455220404889373e+38
265608.7782946684   4.391928630370317e+32   5.9342376507368824e+35   1.3414654123005677e+38
312571.58496882353   3.123748675293033e+32   4.207999614334105e+35   1.0911821045310152e+38
367837.97718286345   2.220842326834109e+32   2.9810578491481022e+35   8.855474432923981e+37
432876.12810830615   1.5782458049477606e+32   2.1099004431387717e+35   7.169266083231018e+37
509413.8014816375   1.1210913222781599e+32   1.4919669346855954e+35   5.789398248140891e+37
599484.2503189408   7.959955167496659e+31   1.054065025313209e+35   4.662634006854699e+37
705480.2310718645   5.649071635149082e+31   7.440271489461457e+34   3.744612888687536e+37
830217.5681319735   4.007131561205248e+31   5.247142030606541e+34   2.9984262496948133e+37
977009.9572992247   2.841012087192326e+31   3.697145812122674e+34   2.3934135209339173e+37
1149756.9953977356   2.013205388684427e+31   2.602645107557532e+34   1.9041461187966555e+37
1353047.7745798077   1.42584007609179e+31   1.8304625797339888e+34   1.5095706706263973e+37
1592282.793341094   1.0092833724064619e+31   1.2861611178130356e+34   1.1922873753131885e+37
1873817.422860383   7.140135241900496e+30   9.028339727982536e+33   9.379428865966691e+36
2205130.739903046   5.048261206728376e+30   6.331201662663678e+33   7.34720160721763e+36
2595024.2113997373   3.5670555452354933e+30   4.4352315032547446e+33   5.729103225171959e+36
3053855.5088334125   2.518841031677008e+30   3.103722737844122e+33   4.445538374402673e+36
3593813.6638046256   1.7774776893090515e+30   2.1695468335122007e+33   3.4314018548227296e+36
4229242.8743894985   1.2534564148729657e+30   1.5148025513940945e+33   2.6335686237168693e+36
4977023.564332114   8.832926618002865e+29   1.0563884520560611e+33   2.008799240805563e+36
5857020.818056662   6.219827810083586e+29   7.357831938488454e+32   1.5219947647970522e+36
6892612.104349695   4.376408851243041e+29   5.118124085896133e+32   1.1447452253128144e+36
8111308.307896872   3.0768758646287817e+29   3.5553357830256975e+32   8.541243993539905e+35
9545484.566618327   2.1614276265671947e+29   2.466217019385376e+32   6.316909437077139e+35
11233240.329780266   1.5170342414431044e+29   1.70817537955089e+32   4.626621602166712e+35
13219411.484660286   1.0637965145851739e+29   1.1812755330078823e+32   3.3523195953281846e+35
15556761.439304722   7.452704922494547e+28   8.155522680391717e+31   2.4000907797057006e+35
18307382.802953698   5.2160803820485065e+28   5.620764105490107e+31   1.6955540893299987e+35
21544346.900318824   3.6469640782421694e+28   3.8666915970912993e+31   1.180075358819567e+35
25353644.939701114   2.5471614834990417e+28   2.6548383899306117e+31   8.076728433900705e+34
29836472.402833343   1.7770482427136418e+28   1.8190323779336113e+31   5.424942000306961e+34
35111917.34215128   1.2383366720618609e+28   1.243629636745853e+31   3.567657232486518e+34
41320124.00115334   8.618927181846335e+27   8.482599596373859e+30   2.2913112487045195e+34
48626015.80065353   5.99128742327935e+27   5.771475498814408e+30   1.4331109005867937e+34
57223676.5935022   4.1592659500412707e+27   3.916429610903568e+30   8.702664420265526e+33
67341506.57750829   2.883500754936137e+27   2.6500670062109967e+30   5.1139395853331543e+33
79248289.8353917   1.9962203089929044e+27   1.7876999989641525e+30   2.8970316077484505e+33
93260334.688322   1.379946543697327e+27   1.2019909943785096e+30   1.575995860431527e+33
109749876.54930545   9.52502159140312e+26   8.053076542684131e+29   8.208224061063172e+32
129154966.50148827   6.5646449633475e+26   5.3746170129324524e+29   4.089325867399974e+32
151991108.2952933   4.5175338662732185e+26   3.572011506036314e+29   1.954043873499941e+32
178864952.9057435   3.1042618280159195e+26   2.3631600057184705e+29   9.017106653957105e+31
210490414.45120218   2.130260308012589e+26   1.5556115986025817e+29   4.0562590712344e+31
247707635.5991714   1.4602225395556066e+26   1.0184115918504433e+29   1.7947730623512275e+31
291505306.28251696   1.0001661847820553e+26   6.626965498049598e+28   7.863472666460617e+30
343046928.63149124   6.849067841374913e+25   4.2834461476096e+28   3.425776830997658e+30
403701725.85965496   4.693054239863356e+25   2.7481025414160327e+28   1.4875470859392954e+30
475081016.21027935   3.221524493326629e+25   1.7484547507679253e+28   6.445932919556286e+29
559081018.2512223   2.219037058207714e+25   1.1020841569178489e+28   2.7890745160773376e+29
657933224.6575682   1.5371194132269626e+25   6.873754193323902e+27   1.2052967680508873e+29
774263682.6811278   1.0736279851482112e+25   4.2362209269454196e+27   5.202369539227884e+28
911162756.1154869   7.584209518100999e+24   2.575380919175362e+27   2.2425732392958026e+28
1072267222.0103253   5.434258773636088e+24   1.5414084697929514e+27   9.653135199236783e+27
1261856883.0660183   3.957688912913921e+24   9.061012369221675e+26   4.148540881064937e+27
1484968262.2544634   2.9303141121774115e+24   5.216656785195003e+26   1.7797978030781174e+27
1747528400.007683   2.1998370172848324e+24   2.931694325009319e+26   7.622440779778265e+26
2056512308.3486514   1.663418857363834e+24   1.6021105772664733e+26   3.259914101916895e+26
2420128264.7943835   1.2532110638524064e+24   8.47835291009384e+25   1.3936415496384585e+26
2848035868.4357934   9.367434808720437e+23   4.327340041308098e+25   5.969958244087081e+25
3351602650.9388475   6.940800244367226e+23   2.1242877769529354e+25   2.575023750895954e+25
3944206059.437648   5.092689228348332e+23   1.0042019328927458e+25   1.1281310486296815e+25
4641588833.612773   3.695849321339414e+23   4.6176670123901675e+24   5.086835695034668e+24
5462277217.684337   2.6491018060079318e+23   2.11514068312898e+24   2.3974958376787314e+24
6428073117.284319   1.8722908142151886e+23   9.957854417489727e+23   1.1933061771316141e+24
7564633275.54629   1.3021698877015324e+23   4.873912902013614e+23   6.244857567993307e+23
8902150854.450356   8.890578881279705e+22   2.4310256657753404e+23   3.364848964363362e+23
10476157527.896662   5.941256740127696e+22   1.1953951501658e+23   1.817750433638581e+23
12328467394.420633   3.871989758338493e+22   5.640079705093988e+22   9.683324517469213e+22
14508287784.95943   2.449832402832143e+22   2.5141390510335113e+22   5.062956820465549e+22
17073526474.706886   1.4963287704414433e+22   1.0401734787348906e+22   2.590276579122581e+22
20092330025.65046   8.760109237011645e+21   3.8902044775902924e+21   1.291941617012936e+22
23644894126.45407   4.871799511653229e+21   1.2614139659581753e+21   6.253407787309389e+21
27825594022.07126   2.5454070103036296e+21   3.2992378775302767e+20   2.920730848204416e+21
32745491628.777317   1.2333937076844327e+21   6.032443369331703e+19   1.3067805536402006e+21
38535285937.105194   5.4717395850287586e+20   5.361384121073398e+18   5.547571918636095e+20
45348785081.28591   2.2048363384795172e+20   3.475908699386798e+16   2.2059107302895147e+20
53366992312.06302   8.068392998010103e+19   0.0   8.068392998010103e+19
62802914418.34247   2.6429318999639392e+19   0.0   2.6429318999639392e+19
73907220335.25775   7.433268330051336e+18   0.0   7.433268330051336e+18
86974900261.77835   1.6688698440298222e+18   0.0   1.6688698440298222e+18
102353102189.90268   2.5869713403107894e+17   0.0   2.5869713403107894e+17
120450354025.87787   1.9070087102276004e+16   0.0   1.9070087102276004e+16
141747416292.68076   87505415630987.47   0.0   87505415630987.47
166810053720.00558   0.0   0.0   0.0
196304065004.02686   0.0   0.0   0.0
231012970008.3158   0.0   0.0   0.0
271858824273.294   0.0   0.0   0.0
319926713779.73846   0.0   0.0   0.0
376493580679.2456   0.0   0.0   0.0
443062145758.3887   0.0   0.0   0.0
521400828799.9674   0.0   0.0   0.0
613590727341.3163   0.0   0.0   0.0
722080901838.5457   0.0   0.0   0.0
849753435908.6438   0.0   0.0   0.0
1000000000000.0   0.0   0.0   0.0
