# Hadron Spectrum / 1/(GeVs) - 2024/07/19 13:12:34
# Magnetar:
#     R = 1e+06 cm
#     B = 3.16e+14 G
#     o = 1e+04 rad / s
#     chi = 0.95 rad
#     I = 1e+45 g * cm**2
#     mu = 1.58e+32 erg / G
#     tsd = 3.24e+03 s
#     lum = 1.54e+49 erg / s
#     E = 5.27e+11 GeV
#     spec = 2.2e+39
#     n = 3.09e+18 1 / cm**3
# Time / s (horizontal axis)
1.000000000000000000e+01 1.032828125941028574e+01 1.066733937734857562e+01 1.101752813788386831e+01 1.137921293915315069e+01 1.175277117462945142e+01 1.213859262690628249e+01 1.253707987440920313e+01 1.294864871145904850e+01 1.337372858212496318e+01 1.381276302832009506e+01 1.426621015260737657e+01 1.473454309619835101e+01 1.521825053264386973e+01 1.571783717773162792e+01 1.623382431612278154e+01 1.676675034527699992e+01 1.731717133723354607e+01 1.788566161883461803e+01 1.847281437099634260e+01 1.907924224765266175e+01 1.970557801501799489e+01 2.035247521183577746e+01 2.102060883130158331e+01 2.171067602537264918e+01 2.242339683219846336e+01 2.315951492743154461e+01 2.391979840020239578e+01 2.470504055456825299e+01 2.551606073727185020e+01 2.635370519267394585e+01 2.721884794575179711e+01 2.811239171408464088e+01 2.903526884977813793e+01 2.998844231231029411e+01 3.097290667331408542e+01 3.198968915434537763e+01 3.303985069871858116e+01 3.412448707852889385e+01 3.524473003801585946e+01 3.640174847446141371e+01 3.759674965785467293e+01 3.883098049059604762e+01 4.010572880855497857e+01 4.142232472483895833e+01 4.278214201767617197e+01 4.418659956385941712e+01 4.563716281924758533e+01 4.713534534786909802e+01 4.868271040122284177e+01 5.028087254942479944e+01 5.193149936590211979e+01 5.363631316739243005e+01 5.539709281106403438e+01 5.721567555063251831e+01 5.909395895340971094e+01 6.103390288028621313e+01 6.303753153071278348e+01 6.510693555481461203e+01 6.724427423484249289e+01 6.945177773823695588e+01 7.173174944465613123e+01 7.408656834939563396e+01 7.651869154570825060e+01 7.903065678861348431e+01 8.162508514287227968e+01 8.430468371788971638e+01 8.707224849239922548e+01 8.993066723187622813e+01 9.288292250172499109e+01 9.593209477938241037e+01 9.908136566858671301e+01 1.023340212191642280e+02 1.056934553557988323e+02 1.091631734193614705e+02 1.127467958244947255e+02 1.164480618372685541e+02 1.202708334768511946e+02 1.242190995452617415e+02 1.282969797894147632e+02 1.325087291997953969e+02 1.368587424502517820e+02 1.413515584835395771e+02 1.459918652473978682e+02 1.507845045861051005e+02 1.557344772926135192e+02 1.608469483265356814e+02 1.661272522034292933e+02 1.715808985610004811e+02 1.772135779080358589e+02 1.830311675620613130e+02 1.890397377819221560e+02 1.952455581016861004e+02 2.016551038724748537e+02 2.082750630190514300e+02 2.151123430182167340e+02 2.221740781062884764e+02 2.294676367231936069e+02 2.370006292009330480e+02 2.447809157044440269e+02 2.528166144331500504e+02 2.611161100917459521e+02 2.696880626390692441e+02 2.785414163241769074e+02 2.876854090190594206e+02 2.971295818577333989e+02 3.068837891917642082e+02 3.169582088726115217e+02 3.273633528715247394e+02 3.381100782480685325e+02 3.492095984787271163e+02 3.606734951574031811e+02 3.725137300800209346e+02 3.847426577258505631e+02 3.973730381485608518e+02 4.104180502904709442e+02 4.238913057338783119e+02 4.378068629038166364e+02 4.521792417370701855e+02 4.670234388327335182e+02 4.823549431001467269e+02 4.981897519205165281e+02 5.145443878390924510e+02 5.314359158053241572e+02 5.488819609789671858e+02 5.669007271207433405e+02 5.855110155867243975e+02 6.047322449462649274e+02 6.245844712439618434e+02 6.450884089267692616e+02 6.662654524581149644e+02 6.881376986415669990e+02 7.107279696773418891e+02 7.340598369757211685e+02 7.581576457522118062e+02 7.830465404301182843e+02 8.087524908770457159e+02 8.353023195026778467e+02 8.627237292461450124e+02 8.910453324821521619e+02 9.202966808760410231e+02 9.505082962189511591e+02 9.817117022752192952e+02 1.013939457675291692e+03 1.047225189888435352e+03 1.081603630310710514e+03 1.117110650504824207e+03 1.153783299629660860e+03 1.191659843098558667e+03 1.230779802506665874e+03 1.271183996869028761e+03 1.312914585212465227e+03 1.356015110565633449e+03 1.400530545393219654e+03 1.446507338521647171e+03 1.493993463605257830e+03 1.543038469183564530e+03 1.593693530381774508e+03 1.646011502308551371e+03 1.700046975206718116e+03 1.755856331414468741e+03 1.813497804196495281e+03 1.873031538506436618e+03 1.934519653744046309e+03 1.998026308572550761e+03 2.063617767863858717e+03 2.131362471841437582e+03 2.201331107493032505e+03 2.273596682327717645e+03 2.348234600554276312e+03 2.425322741760352983e+03 2.504941542174502501e+03 2.587174078595923675e+03 2.672106155079435212e+03 2.759826392466180550e+03 2.850426320853434845e+03 2.944000475100033782e+03 3.040646493467068467e+03 3.140465219496752070e+03 3.243560807235811353e+03 3.350040829913132711e+03 3.460016392185112181e+03 3.573602246065788222e+03 3.690916910662778264e+03 3.812082795843888107e+03 3.937226329963479202e+03 4.066478091781857984e+03 4.199972946715306534e+03 4.337850187558989091e+03 4.480253679829489556e+03 4.627332011878693265e+03 4.779238649935599824e+03 4.936132098237916580e+03 5.098176064420425064e+03 5.265539630332755223e+03 5.438397428464801123e+03 5.616929824163809826e+03 5.801323103833378809e+03 5.991769669310619065e+03 6.188468238624389414e+03 6.391624053344005915e+03 6.601449092734889746e+03 6.818162294944479072e+03 7.041989785449288320e+03 7.273165113001461577e+03 7.511929493320968504e+03 7.758532060787835690e+03 8.013230128396886357e+03 8.276289456246351619e+03 8.547984528840413986e+03 8.828598841495149827e+03 9.118425196146570670e+03 9.417766006869518606e+03 9.726933615426178221e+03 1.004625061717340213e+04 1.037605019766911755e+04 1.071667648032864417e+04 1.106848488549411923e+04 1.143184250129150314e+04 1.180712846666191581e+04 1.219473436696738281e+04 1.259506464258356391e+04 1.300853701090573304e+04 1.343558290220826348e+04 1.387664790981307124e+04 1.433219225503573944e+04 1.480269126739510102e+04 1.528863588058729511e+04 1.579053314474175750e+04 1.630890675549334264e+04 1.684429760042315320e+04 1.739726432343802662e+04 1.796838390767723104e+04 1.855825227755518790e+04 1.916748492056813120e+04 1.979671752951332746e+04 2.044660666579117606e+04 2.111783044448242072e+04 2.181108924191520055e+04 2.252710642645982807e+04 2.326662911331457872e+04 2.403042894406969572e+04 2.481930289186257869e+04 2.563407409296515107e+04 2.647559270567063868e+04 2.734473679737585553e+04 2.824241326078435668e+04 2.916955876018793060e+04 3.012714070881164298e+04 3.111615827824363078e+04 3.213764344100275775e+04 3.319266204733189807e+04 3.428231493733973912e+04 3.540773908965269948e+04 3.657010880777493003e+04 3.777063694539372227e+04 3.901057617190993187e+04 4.029122027951343625e+04 4.161390553316706792e+04 4.298001206490798359e+04 4.439096531392166798e+04 4.584823751389096287e+04 4.735334922917121003e+04 4.890787094139590045e+04 5.051342468816766632e+04 5.217168575554354175e+04 5.388438442608223704e+04 5.565330778427640325e+04 5.748030158125362505e+04 5.936727216069126007e+04 6.131618844795769110e+04 6.332908400455114315e+04 6.540805914998258959e+04 6.755528315331639897e+04 6.977299649665538163e+04 7.206351321293060028e+04 7.442922330043757393e+04 7.687259521663736086e+04 7.939617845382291125e+04 8.200260619934130227e+04 8.469459808314575639e+04 8.747496301554415550e+04 9.034660211810533656e+04 9.331251175078240340e+04 9.637578663841089292e+04 9.953962309984244348e+04 1.028073223830864736e+05 1.061822941099384625e+05 1.096680598336869734e+05 1.132682567136153812e+05 1.169866413101308135e+05 1.208270935044775979e+05 1.247936205471311405e+05 1.288903612390894123e+05 1.331215902504307742e+05 1.374917225806420320e+05 1.420053181653681677e+05 1.466670866343968664e+05 1.514818922258347156e+05 1.564547588616095891e+05 1.615908753895919072e+05 1.668956009978023067e+05 1.723744708063619910e+05 1.780332016430115618e+05 1.838776980082326918e+05 1.899140582361935521e+05 1.961485808579429286e+05 2.025877711735017074e+05 2.092383480396979139e+05 2.161072508808376442e+05 2.232016469295234710e+05 2.305289387051710801e+05 2.380967717380358372e+05 2.459130425468046451e+05 2.539859068780723901e+05 2.623237882163123577e+05 2.709353865732054110e+05 2.798296875655115582e+05 2.890159717909511528e+05 2.985038245118729537e+05 3.083031456568277208e+05 3.184241601504656137e+05 3.288774285825510160e+05 3.396738582272209460e+05 3.508247144239788759e+05 3.623416323323149700e+05 3.742366290721984697e+05 3.865221162631261395e+05 3.992109129748053383e+05 4.123162591029748437e+05 4.258518291843414772e+05 4.398317466650228016e+05 4.542705986374042695e+05 4.691834510607799166e+05 4.845858644816500600e+05 5.004939102700953372e+05 5.169241873891603900e+05 5.338938397147350479e+05 5.514205739240301773e+05 5.695226779712830903e+05 5.882190401699956274e+05 6.075291689016077435e+05 6.274732129711575108e+05 6.480719826311970828e+05 6.693469712958667660e+05 6.913203779678128194e+05 7.140151304013403133e+05 7.374549090259546647e+05 7.616641716552892467e+05 7.866681790071589639e+05 8.124930210614047246e+05 8.391656442830160959e+05 8.667138797389224637e+05 8.951664721378301037e+05 9.245531098233580124e+05 9.549044557518077781e+05 9.862521794868784491e+05 1.018628990244688583e+06 1.052068671023622854e+06 1.086606113854598021e+06 1.122277356208507204e+06 1.159119618598885601e+06 1.197171343418968143e+06 1.236472235053715063e+06 1.277063301308644703e+06 1.318986896198669216e+06 1.362286764141646912e+06 1.407008085602686508e+06 1.453197524236895377e+06 1.500903275579736568e+06 1.550175117335768882e+06 1.601064461318317801e+06 1.653624407094182214e+06 1.707909797389426734e+06 1.763977275314045139e+06 1.821885343465168960e+06 1.881694424970555585e+06 1.943466926536022220e+06 2.007267303562568268e+06 2.073162127401231090e+06 2.141220154815731570e+06 2.211512399725488853e+06 2.284112207303825766e+06 2.359095330508633982e+06 2.436540009125465993e+06 2.516527051405393984e+06 2.599139918382932898e+06 2.684464810961965472e+06 2.772590759860481136e+06 2.863609718508115970e+06 2.957616658993256744e+06 3.054709671159968246e+06 3.154990064958088566e+06 3.258562476153223310e+06 3.365534975507094525e+06 3.476019181541981176e+06 3.590130377007068601e+06 3.707987629168172367e+06 3.829713914046284743e+06 3.955436244734701701e+06 4.085285803928565234e+06 4.219398080805024132e+06 4.357913012397029437e+06 4.500975129608050920e+06 4.648733708020256832e+06 4.801342923653455451e+06 4.958962013837211765e+06 5.121755443364241160e+06 5.289893076098156162e+06 5.463550352214875631e+06 5.642908471262542531e+06 5.828154581230839714e+06 6.019481973827274516e+06 6.217090286163832992e+06 6.421185709064758383e+06 6.631981202212675475e+06 6.849696716357453726e+06 7.074559422819878906e+06 7.306803950529507361e+06 7.546672630843887106e+06 7.794415750404951163e+06 8.050291812295989133e+06 8.314567805772064254e+06 8.587519484845180064e+06 8.869431656014705077e+06 9.160598475443709642e+06 9.461323755890779197e+06 9.771921283717997372e+06 1.009271514630571753e+07 1.042404007021555863e+07 1.076624177045493387e+07 1.111967731120700017e+07 1.148471547840289026e+07 1.186173716452479176e+07 1.225113576604117826e+07 1.265331759388942830e+07 1.306870229743347690e+07 1.349772330233941786e+07 1.394082826282578520e+07 1.439847952876009606e+07 1.487115462808953784e+07 1.535934676510898583e+07 1.586356533508589678e+07 1.638433645577984676e+07 1.692220351641039178e+07 1.747772774464681000e+07 1.805148879221110046e+07 1.864408533970485255e+07 1.925613572129198536e+07 1.988827856988811865e+07 2.054117348353064433e+07 2.121550171362452582e+07 2.191196687578147277e+07 2.263129568399529532e+07 2.337423870891817287e+07 2.414157116103017703e+07 2.493409369951880351e+07 2.575263326771198586e+07 2.659804395593758300e+07 2.747120789270814508e+07 2.837303616516211629e+07 2.930446976972144470e+07 3.026648059395695105e+07 3.126007243068703637e+07 3.228628202536733449e+07 3.334618015786362439e+07 3.444087275973823667e+07 3.557150206821389496e+07 3.673924781802073866e+07 3.794532847236942500e+07 3.919100249433401972e+07 4.047756965997321904e+07 4.180637241455762088e+07 4.317879727332021296e+07 4.459627626819095761e+07 4.606028844202398509e+07 4.757236139187889546e+07 4.913407286296366900e+07 5.074705239490465820e+07 5.241298302206061780e+07 5.413360302965375781e+07 5.591070776755292714e+07 5.774615152359826118e+07 5.964184945842459798e+07 6.159977960380168259e+07 6.362198492657495290e+07 6.571057546036270261e+07 6.786773050723302364e+07 7.009570091165617108e+07 7.239681140910877287e+07 7.477346305177596211e+07 7.722813571388642490e+07 7.976339067929281294e+07 8.238187331399601698e+07 8.508631582640582323e+07 8.787954011821328104e+07 9.076446072885356843e+07 9.374408787663000822e+07 9.682153059967075288e+07 1.000000000000000000e+08 
# Energy / GeV (vertical axis)
1.000000000000000000e+05 1.176811952434999112e+05 1.384886371393871668e+05 1.629750834620643582e+05 1.917910261672488705e+05 2.257019719633921632e+05 2.656087782946684165e+05 3.125715849688235321e+05 3.678379771828634548e+05 4.328761281083061476e+05 5.094138014816375216e+05 5.994842503189408453e+05 7.054802310718644876e+05 8.302175681319735013e+05 9.770099572992246831e+05 1.149756995397735620e+06 1.353047774579807650e+06 1.592282793341093929e+06 1.873817422860383056e+06 2.205130739903045818e+06 2.595024211399737280e+06 3.053855508833412547e+06 3.593813663804625627e+06 4.229242874389498495e+06 4.977023564332113601e+06 5.857020818056661636e+06 6.892612104349695146e+06 8.111308307896872051e+06 9.545484566618327051e+06 1.123324032978026569e+07 1.321941148466028646e+07 1.555676143930472247e+07 1.830738280295369774e+07 2.154434690031882375e+07 2.535364493970111385e+07 2.983647240283334255e+07 3.511191734215127677e+07 4.132012400115334243e+07 4.862601580065353215e+07 5.722367659350220114e+07 6.734150657750828564e+07 7.924828983539170027e+07 9.326033468832199275e+07 1.097498765493054539e+08 1.291549665014882684e+08 1.519911082952933013e+08 1.788649529057435095e+08 2.104904144512021840e+08 2.477076355991714001e+08 2.915053062825169563e+08 3.430469286314912438e+08 4.037017258596549630e+08 4.750810162102793455e+08 5.590810182512222528e+08 6.579332246575682163e+08 7.742636826811277866e+08 9.111627561154868603e+08 1.072267222010325313e+09 1.261856883066018343e+09 1.484968262254463434e+09 1.747528400007683039e+09 2.056512308348651409e+09 2.420128264794383526e+09 2.848035868435793400e+09 3.351602650938847542e+09 3.944206059437647820e+09 4.641588833612772942e+09 5.462277217684336662e+09 6.428073117284318924e+09 7.564633275546290398e+09 8.902150854450355530e+09 1.047615752789666176e+10 1.232846739442063332e+10 1.450828778495943069e+10 1.707352647470688629e+10 2.009233002565045929e+10 2.364489412645407104e+10 2.782559402207125854e+10 3.274549162877731705e+10 3.853528593710519409e+10 4.534878508128591156e+10 5.336699231206301880e+10 6.280291441834246826e+10 7.390722033525775146e+10 8.697490026177835083e+10 1.023531021899026794e+11 1.204503540258778687e+11 1.417474162926807556e+11 1.668100537200055847e+11 1.963040650040268555e+11 2.310129700083157959e+11 2.718588242732940063e+11 3.199267137797384644e+11 3.764935806792456055e+11 4.430621457583886719e+11 5.214008287999674072e+11 6.135907273413162842e+11 7.220809018385456543e+11 8.497534359086437988e+11 1.000000000000000000e+12 
# Elapsed Time / s
# 35.361090314007015