# Magnetar Collision Factor
# t / s # pi # K # c
10.0   0.0   2.220446049250313e-16   2.3047230790496087e-11
10.328281259410286   0.0   2.220446049250313e-16   2.5392354885411805e-11
10.667339377348576   0.0   2.220446049250313e-16   2.797606590831947e-11
11.017528137883868   0.0   2.220446049250313e-16   3.0822788765760833e-11
11.37921293915315   0.0   3.3306690738754696e-16   3.395905778802444e-11
11.752771174629451   0.0   3.3306690738754696e-16   3.7414515929867775e-11
12.138592626906282   0.0   3.3306690738754696e-16   4.122147068130744e-11
12.537079874409203   0.0   4.440892098500626e-16   4.541589326834128e-11
12.948648711459048   1.1102230246251565e-16   4.440892098500626e-16   5.003708558604103e-11
13.373728582124963   1.1102230246251565e-16   4.440892098500626e-16   5.5128568376972e-11
13.812763028320095   1.1102230246251565e-16   5.551115123125783e-16   6.07379702088906e-11
14.266210152607377   1.1102230246251565e-16   5.551115123125783e-16   6.691824872007146e-11
14.734543096198351   1.1102230246251565e-16   6.661338147750939e-16   7.372735755240001e-11
15.21825053264387   1.1102230246251565e-16   6.661338147750939e-16   8.122935657439712e-11
15.717837177731628   1.1102230246251565e-16   7.771561172376096e-16   8.949474494812648e-11
16.23382431612278   1.1102230246251565e-16   8.881784197001252e-16   9.860101624070694e-11
16.766750345277   1.1102230246251565e-16   9.992007221626409e-16   1.0863399069194202e-10
17.317171337233546   1.1102230246251565e-16   9.992007221626409e-16   1.1968781521431993e-10
17.885661618834618   1.1102230246251565e-16   1.1102230246251565e-15   1.3186629566064312e-10
18.472814370996343   1.1102230246251565e-16   1.3322676295501878e-15   1.4528411806935537e-10
19.07924224765266   2.220446049250313e-16   1.4432899320127035e-15   1.6006718173144918e-10
19.705578015017995   2.220446049250313e-16   1.5543122344752192e-15   1.7635448656960762e-10
20.352475211835777   2.220446049250313e-16   1.6653345369377348e-15   1.9429902131662402e-10
21.020608831301583   2.220446049250313e-16   1.887379141862766e-15   2.1406953987224142e-10
21.71067602537265   2.220446049250313e-16   2.1094237467877974e-15   2.3585167152617714e-10
22.423396832198463   3.3306690738754696e-16   2.3314683517128287e-15   2.5985025242647453e-10
23.159514927431545   3.3306690738754696e-16   2.55351295663786e-15   2.8629076886943494e-10
23.919798400202396   3.3306690738754696e-16   2.7755575615628914e-15   3.1542157774566704e-10
24.705040554568253   4.440892098500626e-16   3.1086244689504383e-15   3.475166820976483e-10
25.51606073727185   4.440892098500626e-16   3.3306690738754696e-15   3.8287750747656446e-10
26.353705192673946   4.440892098500626e-16   3.6637359812630166e-15   4.2183634363368583e-10
27.218847945751797   5.551115123125783e-16   4.107825191113079e-15   4.647593421225338e-10
28.11239171408464   5.551115123125783e-16   4.551914400963142e-15   5.120499579902571e-10
29.035268849778138   6.661338147750939e-16   4.9960036108132044e-15   5.641525024913108e-10
29.988442312310294   6.661338147750939e-16   5.440092820663267e-15   6.215565839795545e-10
30.972906673314085   7.771561172376096e-16   5.995204332975845e-15   6.848016598226536e-10
31.989689154345378   8.881784197001252e-16   6.661338147750939e-15   7.544821434279925e-10
33.03985069871858   9.992007221626409e-16   7.327471962526033e-15   8.31252844335495e-10
34.124487078528894   9.992007221626409e-16   8.104628079763643e-15   9.158351854665625e-10
35.24473003801586   1.1102230246251565e-15   8.881784197001252e-15   1.0090239754845243e-09
36.401748474461414   1.2212453270876722e-15   9.769962616701378e-15   1.1116949583112046e-09
37.59674965785467   1.4432899320127035e-15   1.0769163338864018e-14   1.2248131397996076e-09
38.83098049059605   1.5543122344752192e-15   1.1879386363489175e-14   1.3494412254289045e-09
40.10572880855498   1.6653345369377348e-15   1.3100631690576847e-14   1.4867507225346799e-09
41.42232472483896   1.887379141862766e-15   1.4432899320127035e-14   1.6380318212938505e-09
42.78214201767617   2.1094237467877974e-15   1.587618925213974e-14   1.804706162289449e-09
44.18659956385942   2.220446049250313e-15   1.7541523789077473e-14   1.9883400481646163e-09
45.637162819247585   2.4424906541753444e-15   1.9317880628477724e-14   2.1906593206111324e-09
47.1353453478691   2.7755575615628914e-15   2.120525977034049e-14   2.413565014514063e-09
48.68271040122284   2.9976021664879227e-15   2.3425705819590803e-14   2.6591520096985732e-09
50.2808725494248   3.3306690738754696e-15   2.5757174171303632e-14   2.929728237788254e-09
51.93149936590212   3.6637359812630166e-15   2.842170943040401e-14   3.2278363315541014e-09
53.63631316739243   4.107825191113079e-15   3.1308289294429414e-14   3.5562777167541526e-09
55.397092811064034   4.440892098500626e-15   3.441691376337985e-14   3.91813903544147e-09
57.21567555063252   4.884981308350689e-15   3.7969627442180354e-14   4.316820678695876e-09
59.09395895340971   5.440092820663267e-15   4.18554080283684e-14   4.756069316158573e-09
61.03390288028621   5.995204332975845e-15   4.6074255521943996e-14   5.240012757035117e-09
63.03753153071278   6.5503158452884236e-15   5.0737192225369654e-14   5.773198807901281e-09
65.10693555481461   7.216449660063518e-15   5.595524044110789e-14   6.360638016289499e-09
67.24427423484249   7.993605777301127e-15   6.161737786669619e-14   7.007850855167419e-09
69.45177773823696   8.770761894538737e-15   6.794564910705958e-14   7.720919459330844e-09
71.73174944465613   9.658940314238862e-15   7.482903185973555e-14   8.506544690867202e-09
74.08656834939563   1.0658141036401503e-14   8.248957072964913e-14   9.37210953289025e-09
76.51869154570825   1.176836406102666e-14   9.08162434143378e-14   1.0325748034389903e-08
79.03065678861348   1.2989609388114332e-14   1.000310945187266e-13   1.137642202664324e-08
81.62508514287228   1.432187701766452e-14   1.1024514634527804e-13   1.2534004945052857e-08
84.30468371788972   1.5765166949677223e-14   1.2145839889399213e-13   1.380937519890324e-08
87.07224849239923   1.7319479184152442e-14   1.3378187446733136e-13   1.5214517978812125e-08
89.93066723187623   1.9095836023552692e-14   1.474376176702208e-13   1.6762637944367498e-08
92.88292250172499   2.1094237467877974e-14   1.624256285026604e-13   1.8468283458084045e-08
95.93209477938241   2.3203661214665772e-14   1.7896795156957523e-13   2.034748325385749e-08
99.08136566858671   2.55351295663786e-14   1.971756091734278e-13   2.241789698320673e-08
102.33402121916423   2.8199664825478976e-14   2.1727064591914313e-13   2.4698980971571416e-08
105.69345535579883   3.097522238704187e-14   2.3936408410918375e-13   2.7212171849200217e-08
109.16317341936147   3.419486915845482e-14   2.636779683484747e-13   2.9981086835384474e-08
112.74679582449473   3.7636560534792807e-14   2.9054536554440347e-13   3.3031746671241535e-08
116.44806183726855   4.1522341120980855e-14   3.2007729799943263e-13   3.639281975775788e-08
120.2708334768512   4.574118861455645e-14   3.5271785492341223e-13   4.009589160691718e-08
124.21909954526174   5.029310301551959e-14   3.885780586188048e-13   4.417576127124789e-08
128.29697978941476   5.551115123125783e-14   4.2810199829546036e-13   4.867076919268243e-08
132.5087291997954   6.106226635438361e-14   4.716227408607665e-13   5.362315669277251e-08
136.85874245025178   6.727951529228449e-14   5.196953978270358e-13   5.9079463654576614e-08
141.35155848353958   7.416289804496046e-14   5.725420137991932e-13   6.509096506235323e-08
145.99186524739787   8.171241461241152e-14   6.308287225920139e-13   7.1714153726532e-08
150.7845045861051   9.00390872971002e-14   6.94999613415348e-13   7.901127041520795e-08
155.73447729261352   9.914291609902648e-14   7.657208200839705e-13   8.705088905269776e-08
160.84694832653568   1.092459456231154e-13   8.435474541101939e-13   9.59085615370725e-08
166.1272522034293   1.2045919817182948e-13   9.29478716216181e-13   1.0566752706164806e-07
171.58089856100048   1.326716514427062e-13   1.0239586956117819e-12   1.1641949471119517e-07
177.21357790803586   1.4621637234313312e-13   1.128208637624084e-12   1.2826550510602885e-07
183.0311675620613   1.609823385706477e-13   1.2430056983703253e-12   1.4131688019780597e-07
189.03973778192216   1.7741363933510002e-13   1.3694601008751306e-12   1.5569626932165903e-07
195.2455581016861   1.9551027463649007e-13   1.5087930904655877e-12   1.7153880138565114e-07
201.65510387247485   2.1538326677728037e-13   1.6623369347712469e-12   1.889933555210277e-07
208.27506301905143   2.3725466036239595e-13   1.8315349237241207e-12   2.0822395918607128e-07
215.11234301821673   2.6145752229922437e-13   2.017830347256222e-12   2.294113304879275e-07
222.17407810628848   2.879918525877656e-13   2.223221606811876e-12   2.527545759356542e-07
229.4676367231936   3.1730174043786974e-13   2.4493740369280204e-12   2.784730616101072e-07
237.00062920093305   3.496092304544618e-13   2.698619105956368e-12   3.0680847484809703e-07
244.78091570444403   3.851363672424668e-13   2.9731772599461692e-12   3.3802709520358576e-07
252.81661443315005   4.2443826231419735e-13   3.2757130341565244e-12   3.7242229689038453e-07
261.11611009174595   4.675149156696534e-13   3.609113008451459e-12   4.103173057989906e-07
269.68806263906924   5.151434834260726e-13   3.976374784997461e-12   4.520682367337159e-07
278.5414163241769   5.6754601018838e-13   4.380940055170868e-12   4.980674404020391e-07
287.6854090190594   6.252776074688882e-13   4.826694599557868e-12   5.487471900211816e-07
297.1295818577334   6.888933867799096e-13   5.317857265652037e-12   6.045837437351764e-07
306.8837891917642   7.590594819362195e-13   5.858979967854339e-12   6.661018203679703e-07
316.9582088726115   8.362199821476679e-13   6.455058709775585e-12   7.338795299238754e-07
327.36335287152474   9.213740881364174e-13   7.111866651143828e-12   8.0855380690803e-07
338.11007824806853   1.0150769114147806e-12   7.835621040896967e-12   8.908263952056572e-07
349.2095984787271   1.1184386750073827e-12   8.632872194880292e-12   9.81470443139898e-07
360.6734951574032   1.2322365350314612e-12   9.511280651963716e-12   1.0813377683271952e-06
372.51373008002093   1.3575807145116414e-12   1.0479062062529465e-11   1.191366863384502e-06
384.74265772585056   1.4956924587750109e-12   1.1545320255379465e-11   1.3125917144307664e-06
397.37303814856085   1.6479040354511199e-12   1.2720158260037806e-11   1.4461515180919093e-06
410.41805029047094   1.815658734471981e-12   1.4014456262145814e-11   1.5933013870483848e-06
423.8913057338783   2.000399845769607e-12   1.5440426714974365e-11   1.7554241440453922e-06
437.80686290381664   2.2039037261833982e-12   1.7011503317121424e-11   1.934043317386447e-06
452.1792417370702   2.42816877715768e-12   1.8742563057116968e-11   2.1308374572592825e-06
467.0234388327335   2.675193400136777e-12   2.06495931465156e-11   2.347655909784585e-06
482.3549431001467   2.9474200857748656e-12   2.275080124292117e-11   2.5865361954480193e-06
498.1897519205165   3.2472913247261204e-12   2.5065727271567084e-11   2.8497231563395786e-06
514.5443878390925   3.5778047191570295e-12   2.7616242626038456e-11   3.13969005072412e-06
531.4359158053242   3.941846848931618e-12   3.042632812366719e-11   3.459161795338339e-06
548.8819609789672   4.342859405426225e-12   3.352218502783444e-11   3.811140570575411e-06
566.9007271207433   4.7848391915295e-12   3.693323424869277e-11   4.1989340332504455e-06
585.5110155867244   5.271671987827631e-12   4.069122816474646e-11   4.626186397738152e-06
604.7322449462649   5.808020731024044e-12   4.483169391278352e-11   5.096912681246124e-06
624.5844712439618   6.399103469334477e-12   4.939348929866583e-11   5.615536431968771e-06
645.0884089267693   7.050138250974669e-12   5.441935790884145e-11   6.186931297280651e-06
666.265452458115   7.767564369487445e-12   5.995670626646188e-11   6.8164668198811285e-06
688.137698641567   8.557932140718094e-12   6.605749280907958e-11   7.510058894433236e-06
710.7279696773419   9.428680058931604e-12   7.27790050447652e-11   8.274225357207676e-06
734.0598369757212   1.0388134796812665e-11   8.018452568592238e-11   9.116147231646998e-06
758.1576457522118   1.1445178138558276e-11   8.834355469389266e-11   1.0043736205056497e-05
783.0465404301183   1.2609691069087603e-11   9.733269745737516e-11   1.106570897035919e-05
808.7524908770457   1.3892775818646896e-11   1.0723655297084633e-10   1.2191669131023097e-05
835.3023195026778   1.5306422795902108e-11   1.1814826894607222e-10   1.3432197438212334e-05
862.723729246145   1.6863843654846278e-11   1.301700969236208e-10   1.4798951209593625e-05
891.0453324821522   1.857980436170692e-11   1.4341527965200385e-10   1.6304773860054134e-05
920.296680876041   2.04704031503411e-11   1.5800827313228183e-10   1.7963815576838016e-05
950.5082962189512   2.2553292566840355e-11   1.7408596786339103e-10   1.9791666269752817e-05
981.7117022752193   2.4848123558740554e-11   1.9179979826589033e-10   2.1805502045557645e-05
1013.9394576752917   2.7376545475021885e-11   2.113159647265661e-10   2.4024246582432518e-05
1047.2251898884354   3.0162206066108865e-11   2.3281787608908644e-10   2.6468748919206142e-05
1081.6036303107105   3.323130659538265e-11   2.5650781498853803e-10   2.9161979328229393e-05
1117.1106505048242   3.6612601839181025e-11   2.826081590967533e-10   3.212924511131199e-05
1153.7832996296609   4.03380662206132e-11   3.1136437872447686e-10   3.539842834265894e-05
1191.6598430985587   4.4442560742652404e-11   3.4304659113360003e-10   3.900024779202038e-05
1230.7798025066659   4.896472116655559e-11   3.779524471170248e-10   4.29685474842012e-05
1271.1839968690288   5.3947069034165906e-11   4.1641023962313284e-10   4.734061460298644e-05
1312.9145852124652   5.943634473482007e-11   4.587811242018347e-10   5.215752972076437e-05
1356.0151105656334   6.548417363916315e-11   5.054634488743659e-10   5.7464552640107414e-05
1400.5305453932197   7.214739916605595e-11   5.568957517354534e-10   6.33115474635293e-05
1446.5073385216472   7.948852687178487e-11   6.135614238900189e-10   6.975345087800733e-05
1493.9934636052578   8.757672365078406e-11   6.759930393229752e-10   7.685078804109402e-05
1543.0384691835645   9.648792875793788e-11   7.447772398805341e-10   8.46702409057487e-05
1593.6935303817745   1.0630585300930306e-10   8.205603974076325e-10   9.328527430352285e-05
1646.0115023085514   1.1712275593822596e-10   9.040547199745674e-10   0.00010277682565218438
1700.0469752067181   1.2904033397376224e-10   9.960449132151439e-10   0.00011323406474184061
1755.8563314144687   1.4217049759679412e-10   1.0973952857540326e-09   0.00012475523070976102
1813.4978041964953   1.5663681462996237e-10   1.2090582979240594e-09   0.00013744855403174938
1873.0315385064366   1.725749543268762e-10   1.3320833325281e-09   0.00015143327214861557
1934.5196537440463   1.901350188404649e-10   1.4676265758239992e-09   0.00016684074821815553
1998.0263085725508   2.0948176526758289e-10   1.6169617866879094e-09   0.00018381570343761755
2063.6177678638587   2.307971591619662e-10   1.7814921760006541e-09   0.0002025175744383434
2131.3624718414376   2.5428137373495474e-10   1.962763951368629e-09   0.00022312200840812757
2201.3311074930325   2.801552323461465e-10   2.1624807500231213e-09   0.0002458225098734834
2273.5966823277176   3.0866176281563185e-10   2.3825192929649575e-09   0.00027083225447244175
2348.2346005542763   3.4006897298155536e-10   2.6249472595551993e-09   0.0002983860865860555
2425.322741760353   3.746719601238624e-10   2.8920430494849825e-09   0.0003287427193884307
2504.9415421745025   4.1279590856646564e-10   3.1863165439460772e-09   0.0003621871577307312
2587.1740785959237   4.5479908727941165e-10   3.5105333084928247e-09   0.0003990333663143053
2672.106155079435   5.010761805479547e-10   3.867739906127099e-09   0.0004396272078437402
2759.8263924661806   5.520620627308404e-10   4.261293318208459e-09   0.0004843496783100143
2850.426320853435   6.082359060854969e-10   4.694891919676536e-09   0.0005336204692437674
2944.000475100034   6.701256216601337e-10   5.172610340054007e-09   0.0005879018897327892
3040.6464934670685   7.383127442750492e-10   5.6989379881855484e-09   0.0006477031842340164
3140.465219496752   8.134382056823597e-10   6.278821018668168e-09   0.0007135852857518277
3243.5608072358114   8.962077746588193e-10   6.917708628151331e-09   0.0007861660478307719
3350.0408299131327   9.873994955000853e-10   7.621605013774513e-09   0.000866126003053691
3460.016392185112   1.087870127314261e-09   8.397124773296127e-09   0.0009542147003646084
3573.602246065788   1.1985640258060926e-09   9.251555854739024e-09   0.0010512576785953742
3690.9169106627783   1.3205212479050488e-09   1.0192927613061897e-08   0.0011581641390886466
3812.082795843888   1.4548879878617527e-09   1.123008674941417e-08   0.0012759353863166512
3937.226329963479   1.602927013344413e-09   1.2372779578662119e-08   0.0014056741119305993
4066.478091781858   1.7660293227805823e-09   1.363174473301143e-08   0.0015485946047715249
4199.9729467153065   1.945727801100361e-09   1.501881319310172e-08   0.0017060339770760269
4337.850187558989   2.143710986501901e-09   1.6547019643375904e-08   0.0018794645054368564
4480.25367982949   2.3618396127744745e-09   1.823072537376902e-08   0.0020705071940855246
4627.332011878693   2.6021634846884467e-09   2.0085753060783418e-08   0.0022809466777585774
4779.2386499356   2.8669409068982077e-09   2.2129534871240253e-08   0.002512747591831732
4936.132098237917   3.1586602222688498e-09   2.4381277330398632e-08   0.0027680725485732527
5098.176064420425   3.4800627934927775e-09   2.68621408450187e-08   0.0030493018702740793
5265.539630332755   3.8341689823084835e-09   2.9595439210439167e-08   0.0033590552426778775
5438.397428464801   4.224306460187677e-09   3.2606858324513155e-08   0.00370021546550936
5616.92982416381   4.6541416276468794e-09   3.592469788316066e-08   0.004075954490963984
5801.323103833379   5.12771358707198e-09   3.958013694571605e-08   0.004489761955685845
5991.769669310619   5.649472889501794e-09   4.360752714482885e-08   0.004945476426924222
6188.468238624389   6.224322612879973e-09   4.804471553931933e-08   0.005447319599066525
6391.624053344006   6.857664991422041e-09   5.293340044065786e-08   0.005999933692373283
6601.44909273489   7.555451708718408e-09   5.8319522766581144e-08   0.006608422321224161
6818.162294944479   8.324240075019418e-09   6.425369813989334e-08   0.007278395114128422
7041.989785449288   9.171254977680121e-09   7.079169239698757e-08   0.008016016381697133
7273.165113001462   1.0104455938630963e-08   7.79949460572027e-08   0.008828058141087003
7511.9294933209685   1.1132612831588062e-08   8.593115097266235e-08   0.009721957815345572
7758.532060787836   1.2265387483445522e-08   9.467488693015724e-08   0.010705880932628808
8013.230128396886   1.3513425156652659e-08   1.043083225349406e-07   0.01178878915222692
8276.289456246352   1.4888454136219309e-08   1.149219872598195e-07   0.012980513940212712
8547.984528840414   1.6403396196906783e-08   1.2661562209803634e-07   0.014291836205499564
8828.59884149515   1.8072487950604454e-08   1.3949911703559081e-07   0.015734572184903373
9118.42519614657   1.9911414406159622e-08   1.5369354355865283e-07   0.01732166583072181
9417.766006869519   2.193745685108439e-08   1.6933229285420737e-07   0.01906728790309309
9726.933615426178   2.4169654833094967e-08   1.8656232847469312e-07   0.020986941897989886
10046.250617173402   2.662898512806322e-08   2.0554556834362359e-07   0.02309757684543523
10376.050197669118   2.9338559248692775e-08   2.264604059831754e-07   0.025417706885747737
10716.676480328644   3.232384016005341e-08   2.495033866178886e-07   0.02796753736769475
11068.48488549412   3.5612881754687464e-08   2.7489105469680197e-07   0.03076909700355923
11431.842501291503   3.923659264160051e-08   3.028619888212347e-07   0.033846375353213
11807.128466661916   4.322902624753766e-08   3.3367904317405106e-07   0.03722546458184728
12194.734366967383   4.7627701227348496e-08   3.6763181854304605e-07   0.0409347040320549
12595.064642583564   5.2473953737752765e-08   4.0503938292246744e-07   0.04500482565689812
13008.537010905733   5.7813326015399014e-08   4.462532706694944e-07   0.04946909776131947
13435.582902208263   6.369599447886287e-08   4.916607854177357e-07   0.05436346377818224
13876.647909813071   7.017724090729871e-08   5.416886401654608e-07   0.05972667194460113
14332.19225503574   7.731797235788207e-08   5.968069670680975e-07   0.06560039072551627
14802.691267395101   8.518529326373425e-08   6.575337353487143e-07   0.07202930363629889
15288.635880587295   9.38531360406003e-08   7.244396188488267e-07   0.07906117572725846
15790.533144741757   1.0340295630850704e-07   7.981533590717405e-07   0.08674688239594153
16308.906755493343   1.1392449739133781e-07   8.793676734564215e-07   0.09514038937899782
16844.297600423153   1.255166348634873e-07   9.68845765170201e-07   0.10429867074359811
17397.264323438027   1.3828830480733245e-07   1.0674284953715585e-06   0.11428154946117419
17968.38390767723   1.5235952777192807e-07   1.1760422844453444e-06   0.1251514427344128
18558.252277555188   1.6786253720368904e-07   1.2957078184827608e-06   0.1369729917184589
19167.48492056813   1.8494302111982108e-07   1.427549640720116e-06   0.14981255272023708
19796.717529513327   2.0376149201251081e-07   1.5728067191966844e-06   0.16373752451244694
20446.606665791176   2.2449479475383782e-07   1.7328440897745878e-06   0.17881548425615146
21117.83044448242   2.473377690437317e-07   1.909165683433578e-06   0.19511310295583728
21811.0892419152   2.7250507950160596e-07   2.1034284594101393e-06   0.21269481072955942
22527.106426459828   3.0023323394079426e-07   2.3174579758533653e-06   0.23162118292399259
23266.62911331458   3.3078280525788983e-07   2.5532655446580677e-06   0.25194702081603904
24030.428944069696   3.6444088036269306e-07   2.813067132789726e-06   0.2737191060186859
24819.30289186258   4.015237579091391e-07   3.0993041852944714e-06   0.2969736165691659
25634.07409296515   4.4237992102846846e-07   3.4146665685019784e-06   0.3217332059421223
26475.59270567064   4.873933118210161e-07   3.7621178464730676e-06   0.34800376487274476
27344.736797375856   5.369869393589966e-07   4.144923129723033e-06   0.375770910838666
28242.413260784357   5.916268552841331e-07   4.566679758122305e-06   0.40499628211623706
29169.55876018793   6.518265328603334e-07   5.031351104189952e-06   0.4356137529212867
30127.140708811643   7.181516928911336e-07   5.543303817301393e-06   0.46752573306643863
31116.15827824363   7.912256194675393e-07   6.1073488559770794e-06   0.5005997686481563
32137.643441002758   8.717350175047045e-07   6.728786696053035e-06   0.5346657169667951
33192.6620473319   9.60436465802239e-07   7.413457137839252e-06   0.5695138248025438
34282.31493733974   1.0581635270234813e-06   8.167794180891086e-06   0.6048940876877638
35407.7390896527   1.1658345805409809e-06   8.998886481759172e-06   0.6405172997635131
36570.10880777493   1.2844614533102927e-06   9.914543963041034e-06   0.6760582074926773
37770.63694539372   1.4151589279309817e-06   1.0923371198678922e-05   0.7111611422380736
39010.57617190993   1.5591552186000612e-06   1.2034848265951581e-05   0.7454484121191374
40291.220279513436   1.7178035129905567e-06   1.3259419821887164e-05   0.7785315698688199
41613.90553316707   1.8925946885239853e-06   1.4608593243092827e-05   0.8100254329421078
42980.01206490798   2.0851713226077706e-06   1.609504674859874e-05   0.8395644168250532
44390.96531392167   2.2973431282879986e-06   1.7732748522680808e-05   0.8668203690534657
45848.23751389096   2.531103959979575e-06   1.953708795499054e-05   0.891520695950122
47353.34922917121   2.7886505508112336e-06   2.1525020232116e-05   0.9134652143859581
48907.8709413959   3.072403155113257e-06   2.37152256364892e-05   0.9325399144634293
50513.424688167666   3.38502829211329e-06   2.6128285049442646e-05   0.9487257739729796
52171.68575554354   3.7294638032259186e-06   2.878687330554186e-05   0.9621010028465102
53884.38442608224   4.108946459524532e-06   3.171597221374167e-05   0.9728356642848888
55653.3077842764   4.527042377078239e-06   3.494310524387867e-05   0.9811785061535264
57480.301581253625   4.987680528367733e-06   3.849859608207051e-05   0.9874369441935738
59367.27216069126   5.49518966197482e-06   4.2415853480526344e-05   0.9919522794798927
61316.18844795769   6.054338979710749e-06   4.673168507451919e-05   0.9950731514882669
63329.08400455114   6.670382951878828e-06   5.148664311038775e-05   0.9971306625056244
65408.05914998259   7.349110692222993e-06   5.672540532708492e-05   0.9984183741248945
67555.2831533164   8.096900356635572e-06   6.249719456286051e-05   0.9991794506837466
69772.99649665538   8.920779075993757e-06   6.885624102115351e-05   0.9996017955061377
72063.5132129306   9.828488987451145e-06   7.586229152789503e-05   0.9998204615829663
74429.22330043757   1.0828559982467567e-05   8.358117055284886e-05   0.9999253538580483
76872.59521663736   1.1930389857361945e-05   9.20853982492309e-05   0.9999716159571758
79396.17845382291   1.314433261656589e-05   0.00010145487130108766   0.9999902183579858
82002.6061993413   1.4481795761134286e-05   0.00011177761295000366   0.9999969753713213
84694.59808314576   1.595534747289573e-05   0.00012315059922063387   0.9999991700251775
87474.96301554416   1.7578834703435575e-05   0.00013568066907265752   0.9999998003300712
90346.60211810534   1.9367513276247195e-05   0.00014948552698801354   0.9999999584471683
93312.5117507824   2.1338191222519676e-05   0.00016469484736258977   0.9999999926290669
96375.7866384109   2.350938669837266e-05   0.00018145149101356228   0.9999999989034714
99539.62309984244   2.5901501965019946e-05   0.00019991284515752383   0.9999999998656255
102807.32238308647   2.853701506555506e-05   0.0002202522993554057   0.9999999999867002
106182.29410993846   3.1440690997586174e-05   0.00024266087117663648   0.9999999999989597
109668.05983368697   3.4639814364023636e-05   0.00026734899672054   0.9999999999999372
113268.25671361538   3.816444568471855e-05   0.0002945485026482064   0.9999999999999971
116986.64131013081   4.204770377602696e-05   0.0003245147780491786   0.9999999999999999
120827.0935044776   4.6326076844627195e-05   0.00035752916630182874   1.0
124793.62054713114   5.1039765217586464e-05   0.0003939015990959138   1.0
128890.36123908941   5.6233058919441525e-05   0.00043397349700113885   1.0
133121.59025043077   6.195475364034753e-05   0.0004781209633869521   1.0
137491.72258064203   6.825860899262182e-05   0.0005267583011601129   1.0
142005.31816536817   7.520385335224589e-05   0.0005803418847062369   1.0
146667.08663439687   8.285574001576368e-05   0.0006393744226118603   1.0
151481.89222583472   9.128615988174271e-05   0.000704409650250204   1.0
156454.7588616096   0.00010057431639631798   0.0007760574951397592   1.0
161590.8753895919   0.00011080746907821126   0.0008549897621760172   1.0
166895.6009978023   0.0001220817525847684   0.0009419463904167813   1.0
172374.470806362   0.0001345030789772217   0.001037742338094394   1.0
178033.20164301156   0.0001481881316223177   0.001143275157986623   1.0
183877.6980082327   0.0001632654600169925   0.0012595333312110935   1.0
189914.05823619355   0.00017987668576224802   0.0013876054339740929   1.0
196148.58085794293   0.00019817783093889485   0.001528690218822626   1.0
202587.7711735017   0.0002183407812770266   0.0016841076995670612   1.0
209238.3480396979   0.00024055489775365313   0.001855311337285781   1.0
216107.25088083764   0.0002650287916241556   0.0020439014337336747   1.0
223201.64692952347   0.00029199227940124306   0.0022516398480812994   1.0
230528.93870517108   0.0003216985359475455   0.0024804661632329417   1.0
238096.77173803584   0.0003544264656677454   0.002732515439039851   1.0
245913.04254680465   0.0003904833137824415   0.003010137701531579   1.0
253985.9068780724   0.0004302075418580742   0.0033159193298556433   1.0
262323.78821631236   0.0004739719941702081   0.0036527065158936667   1.0
270935.3865732054   0.0005221873841203539   0.004023630985503068   1.0
279829.68756551156   0.0005753061328146458   0.004432138184920054   1.0
289015.97179095115   0.0006338265950853739   0.004882018150964118   1.0
298503.82451187295   0.0006982977117075961   0.0053774392991575715   1.0
308303.1456568277   0.0007693241303631249   0.005922985379500201   1.0
318424.1601504656   0.0008475718420580813   0.006523695865160106   1.0
328877.428582551   0.0009337743842474655   0.0071851100543844915   1.0
339673.85822722095   0.0010287396668715587   0.007913315180044123   1.0
350824.7144239789   0.0011333574829256454   0.008714998833795562   1.0
362341.63233231497   0.0012486077710742727   0.009597506022138269   1.0
374236.62907219847   0.0013755697042349135   0.010568901178698908   1.0
386522.11626312614   0.001515431685026658   0.011638035459732632   1.0
399210.91297480534   0.001669502336540174   0.012814619646619785   1.0
412316.25910297484   0.0018392225850699662   0.014109302968287385   1.0
425851.8291843415   0.0020261789403054342   0.01553375813579383   1.0
439831.7466650228   0.0022321180880092717   0.017100772848137047   1.0
454270.59863740427   0.0024589629204769814   0.01882434797946575   1.0
469183.4510607799   0.002708830141064711   0.020719802589418634   1.0
484585.86448165006   0.0029840495908182163   0.022803885805671165   1.0
500493.91027009534   0.0032871854577284365   0.02509489550542987   1.0
516924.1873891604   0.0036210595423628034   0.02761280356407314   1.0
533893.839714735   0.003988776767534397   0.03037938723676359   1.0
551420.5739240302   0.004393753134209311   0.03341836598374204   1.0
569522.6779712831   0.004839746340918327   0.036755542731851776   1.0
588219.0401699956   0.005330889299382302   0.04041894817185976   1.0
607529.1689016077   0.00587172679468595   0.04443898620995823   1.0
627473.2129711575   0.006467255553878615   0.04884857810754195   1.0
648071.9826311971   0.007122968001983865   0.053683302139572175   1.0
669346.9712958668   0.00784489999861182   0.058981524760893245   1.0
691320.3779678128   0.00863968286111294   0.06478451827339415   1.0
714015.1304013403   0.00951459999073867   0.07113655881632741   1.0
737454.9090259547   0.010477648425667008   0.07808499713998807   1.0
761664.1716552892   0.011537605647861437   0.08568029305445257   1.0
786668.179007159   0.012704101968113002   0.09397600266021211   1.0
812493.0210614047   0.013987698803539339   0.10302870546446452   1.0
839165.6442830161   0.015399973142106838   0.11289785627573601   1.0
866713.8797389225   0.016953608456812486   0.12364554437838016   1.0
895166.4721378301   0.018662492284842624   0.13533613996989913   1.0
924553.109823358   0.02054182062050347   0.1480358052837888   1.0
954904.4557518078   0.022608209180469574   0.16181184534876358   1.0
986252.1794868784   0.02487981148047025   0.1767318711380883   1.0
1018628.9902446886   0.027376443507547865   0.19286274619767219   1.0
1052068.6710236229   0.03011971457393936   0.2102692870520615   1.0
1086606.113854598   0.03313316368865482   0.2290126882184711   1.0
1122277.3562085072   0.036442400470803715   0.24914864507053924   1.0
1159119.6185988856   0.040075249242989885   0.2707251527687041   1.0
1197171.3434189681   0.044061894470431184   0.29377996781748994   1.0
1236472.235053715   0.04843502513710829   0.31833773143040667   1.0
1277063.3013086447   0.05322997495790571   0.34440677175057754   1.0
1318986.8961986692   0.05848485449785834   0.3719756260439554   1.0
1362286.764141647   0.06424067028789704   0.40100935506513313   1.0
1407008.0856026865   0.07054142487230086   0.4314457603791033   1.0
1453197.5242368954   0.07743419037886434   0.4631916614080124   1.0
1500903.2755797366   0.08496914665332911   0.4961194413428801   1.0
1550175.1173357689   0.09319957323447126   0.5300641274770688   1.0
1601064.4613183178   0.10218178246258225   0.5648213278716752   1.0
1653624.4070941822   0.1119749788208605   0.6001463962430763   1.0
1707909.7973894267   0.12264102723259873   0.6357552317481964   1.0
1763977.2753140451   0.13424411052693164   0.671327128561523   1.0
1821885.343465169   0.14685025372486238   0.7065100583142206   1.0
1881694.4249705556   0.16052669031077738   0.7409286822013803   1.0
1943466.9265360222   0.17534104342344914   0.7741952357010655   1.0
2007267.3035625683   0.19136029317492043   0.8059231987857005   1.0
2073162.127401231   0.20864950042078945   0.8357433586104211   1.0
2141220.1548157316   0.22727025769644638   0.8633215043649352   1.0
2211512.399725489   0.24727884025014268   0.8883765985535493   1.0
2284112.2073038258   0.2687240348170784   0.9106979003682828   1.0
2359095.330508634   0.29164463178326505   0.9301592502692182   1.0
2436540.009125466   0.3160665785843271   0.9467286478619724   1.0
2516527.051405394   0.34199980953971054   0.960471450984264   1.0
2599139.918382933   0.36943479079721475   0.971546047236609   1.0
2684464.8109619655   0.39833884948840226   0.9801916971806884   1.0
2772590.759860481   0.4286523940973215   0.9867093358484781   1.0
2863609.718508116   0.4602851783899832   0.9914372694321603   1.0
2957616.6589932567   0.4931128131214616   0.9947246684355516   1.0
3054709.6711599682   0.5269737859291089   0.996906271022813   1.0
3154990.0649580886   0.5616673064021382   0.9982815702831443   1.0
3258562.4761532233   0.5969523441937497   0.9991009193463747   1.0
3365534.9755070945   0.6325482646232123   0.9995596083315493   1.0
3476019.181541981   0.6681374773499023   0.9997993956812946   1.0
3590130.3770070686   0.7033704860678286   0.9999156484635918   1.0
3707987.6291681724   0.7378736463794314   0.9999675240774687   1.0
3829713.9140462847   0.7712597916746925   0.9999886538048355   1.0
3955436.2447347017   0.8031416637873182   0.9999964382178933   1.0
4085285.8039285652   0.833147785781071   0.9999990062339177   1.0
4219398.080805024   0.8609400513921383   0.9999997565044975   1.0
4357913.012397029   0.8862319108408672   0.9999999482931848   1.0
4500975.129608051   0.9088056589016489   0.9999999906215563   1.0
4648733.708020257   0.9285270518995001   0.9999999985702093   1.0
4801342.923653455   0.945355382601874   0.99999999981999   1.0
4958962.013837212   0.9593473103860142   0.9999999999816453   1.0
5121755.443364241   0.9706532369793623   0.9999999999985164   1.0
5289893.076098156   0.9795058389844964   0.9999999999999072   1.0
5463550.352214876   0.986201440188469   0.9999999999999957   1.0
5642908.4712625425   0.9910760606209595   0.9999999999999999   1.0
5828154.58123084   0.9944789716152831   1.0   1.0
6019481.9738272745   0.9967471490826492   1.0   1.0
6217090.286163833   0.998183940649004   1.0   1.0
6421185.709064758   0.9990444821449874   1.0   1.0
6631981.2022126755   0.9995290556310782   1.0   1.0
6849696.716357454   0.999784009373334   1.0   1.0
7074559.422819879   0.9999084932055605   1.0   1.0
7306803.950529507   0.9999644761640478   1.0   1.0
7546672.630843887   0.9999874751442928   1.0   1.0
7794415.750404951   0.9999960284748889   1.0   1.0
8050291.812295989   0.9999988795666634   1.0   1.0
8314567.805772064   0.9999997220963147   1.0   1.0
8587519.48484518   0.9999999401874795   1.0   1.0
8869431.656014705   0.9999999889894154   1.0   1.0
9160598.47544371   0.9999999982937519   1.0   1.0
9461323.75589078   0.9999999997812854   1.0   1.0
9771921.283717997   0.9999999999772525   1.0   1.0
10092715.146305718   0.9999999999981208   1.0   1.0
10424040.070215559   0.9999999999998795   1.0   1.0
10766241.770454934   0.9999999999999941   1.0   1.0
11119677.311207   0.9999999999999998   1.0   1.0
11484715.47840289   1.0   1.0   1.0
11861737.164524792   1.0   1.0   1.0
12251135.766041178   1.0   1.0   1.0
12653317.593889428   1.0   1.0   1.0
13068702.297433477   1.0   1.0   1.0
13497723.302339418   1.0   1.0   1.0
13940828.262825785   1.0   1.0   1.0
14398479.528760096   1.0   1.0   1.0
14871154.628089538   1.0   1.0   1.0
15359346.765108986   1.0   1.0   1.0
15863565.335085897   1.0   1.0   1.0
16384336.455779847   1.0   1.0   1.0
16922203.51641039   1.0   1.0   1.0
17477727.74464681   1.0   1.0   1.0
18051488.7922111   1.0   1.0   1.0
18644085.339704853   1.0   1.0   1.0
19256135.721291985   1.0   1.0   1.0
19888278.56988812   1.0   1.0   1.0
20541173.483530644   1.0   1.0   1.0
21215501.713624526   1.0   1.0   1.0
21911966.875781473   1.0   1.0   1.0
22631295.683995295   1.0   1.0   1.0
23374238.708918173   1.0   1.0   1.0
24141571.161030177   1.0   1.0   1.0
24934093.699518804   1.0   1.0   1.0
25752633.267711986   1.0   1.0   1.0
26598043.955937583   1.0   1.0   1.0
27471207.892708145   1.0   1.0   1.0
28373036.165162116   1.0   1.0   1.0
29304469.769721445   1.0   1.0   1.0
30266480.59395695   1.0   1.0   1.0
31260072.430687036   1.0   1.0   1.0
32286282.025367334   1.0   1.0   1.0
33346180.157863624   1.0   1.0   1.0
34440872.75973824   1.0   1.0   1.0
35571502.068213895   1.0   1.0   1.0
36739247.81802074   1.0   1.0   1.0
37945328.472369425   1.0   1.0   1.0
39191002.49433402   1.0   1.0   1.0
40477569.65997322   1.0   1.0   1.0
41806372.41455762   1.0   1.0   1.0
43178797.27332021   1.0   1.0   1.0
44596276.26819096   1.0   1.0   1.0
46060288.442023985   1.0   1.0   1.0
47572361.391878895   1.0   1.0   1.0
49134072.86296367   1.0   1.0   1.0
50747052.39490466   1.0   1.0   1.0
52412983.02206062   1.0   1.0   1.0
54133603.02965376   1.0   1.0   1.0
55910707.76755293   1.0   1.0   1.0
57746151.52359826   1.0   1.0   1.0
59641849.4584246   1.0   1.0   1.0
61599779.60380168   1.0   1.0   1.0
63621984.92657495   1.0   1.0   1.0
65710575.4603627   1.0   1.0   1.0
67867730.50723302   1.0   1.0   1.0
70095700.91165617   1.0   1.0   1.0
72396811.40910877   1.0   1.0   1.0
74773463.05177596   1.0   1.0   1.0
77228135.71388642   1.0   1.0   1.0
79763390.67929281   1.0   1.0   1.0
82381873.31399602   1.0   1.0   1.0
85086315.82640582   1.0   1.0   1.0
87879540.11821328   1.0   1.0   1.0
90764460.72885357   1.0   1.0   1.0
93744087.87663001   1.0   1.0   1.0
96821530.59967075   1.0   1.0   1.0
100000000.0   1.0   1.0   1.0
