# Eh = 1e6 GeV (no cooling)
# t / s # pi / 1/(GeV s) # k / 1/(GeV s) # c / 1/(GeV s)
1000.0 8.427757410651049e+43 1.0113307102725177e+43 1.8203280451289887e+43
1097.4987654930555 6.481889516390164e+43 7.778266042914549e+42 1.3384731515856408e+43
1204.5035402587823 4.976934490001819e+43 5.972320330901055e+42 9.818336579932214e+42
1321.9411484660286 3.8152908468060045e+43 4.578348205799244e+42 7.186175418381048e+42
1450.8287784959402 2.92034092268499e+43 3.5044084869414346e+42 5.248708762517735e+42
1592.2827933410922 2.2321024205163827e+43 2.678522430520996e+42 3.8261698365070946e+42
1747.5284000076829 1.7037399181679562e+43 2.0444875399271063e+42 2.7841604714241765e+42
1917.9102616724888 1.2987761342387132e+43 1.5585310852263423e+42 2.0225632641121743e+42
2104.9041445120197 9.888704131818884e+42 1.1866442857821423e+42 1.467052017038192e+42
2310.1297000831605 7.520551944157205e+42 9.024660735623047e+41 1.0626250798952995e+42
2535.3644939701117 5.713408048197878e+42 6.856088444309308e+41 7.687038739661514e+41
2782.559402207126 4.336152988030868e+42 5.2033826646379366e+41 5.554352153265438e+41
3053.8555088334156 3.2877972729777245e+42 3.9453560292449695e+41 4.009141982251041e+41
3351.6026509388407 2.4907054748798273e+42 2.988846040829829e+41 2.8910721131577845e+41
3678.379771828634 1.8853023825897476e+42 2.262362458669379e+41 2.083046975291035e+41
4037.017258596554 1.4259486726514043e+42 1.7111381043101181e+41 1.4997279057863754e+41
4430.621457583882 1.0777362996302675e+42 1.2932833306450787e+41 1.079039235848345e+41
4862.601580065353 8.140047959369893e+41 9.76805582229729e+40 7.759057539395498e+40
5336.699231206313 6.1442088908635725e+41 7.373049364006021e+40 5.576489688539304e+40
5857.020818056667 4.634969986356351e+41 5.561962999159771e+40 4.006119968283642e+40
6428.073117284319 3.494507144230732e+41 4.193407830843391e+40 2.8769136822354123e+40
7054.8023107186455 2.6332850397878076e+41 3.1599414884354984e+40 2.065361925209147e+40
7742.63682681127 1.9833367221629612e+41 2.3800036453347378e+40 1.4823698966137408e+40
8497.534359086447 1.4931184912834565e+41 1.7917418724017078e+40 1.0637286272232904e+40
9326.0334688322 1.1235771011984586e+41 1.3482922827903194e+40 7.632027665504206e+39
10235.31021899027 8.451481047591642e+40 1.0141775462014986e+40 5.47524031799564e+39
11233.240329780265 6.354680470693267e+40 7.62561521509748e+39 3.927700653972806e+39
12328.467394420659 4.776329805714632e+40 5.731594752364876e+39 2.8174866131806725e+39
13530.477745798076 3.588744219205349e+40 4.3064923007969716e+39 2.0211038171224955e+39
14849.682622544635 2.6955380138364105e+40 3.234645044071288e+39 1.4498811769769627e+39
16297.508346206434 2.023995763724568e+40 2.428794486572683e+39 1.0401735825178342e+39
17886.495290574352 1.519289990942835e+40 1.823147666434134e+39 7.463118984827034e+38
19630.406500402725 1.1401023033462794e+40 1.3681225218577507e+39 5.3553342071328615e+38
21544.346900318866 8.553100679767257e+39 1.0263718999041709e+39 3.843386625316263e+38
23644.894126454074 6.414812433166953e+39 7.697773557293872e+38 2.7587454221131318e+38
25950.242113997374 4.8098158916113416e+39 5.77177804832848e+38 1.980556462366532e+38
28480.35868435805 3.6054550025112715e+39 4.3265452372147076e+38 1.4221590293083683e+38
31257.15849688235 2.7019756229302116e+39 3.2423701736164996e+38 1.0214122306214552e+38
34304.69286314919 2.02439225293257e+39 2.429270273538071e+38 7.337564275346303e+37
37649.35806792471 1.5163574546618633e+39 1.8196286235198395e+38 5.272374103710051e+37
41320.124001153345 1.1355431222950368e+39 1.3626515055646299e+38 3.7893864847917616e+37
45348.78508128582 8.501623853722823e+38 1.020194681872207e+38 2.724234239422732e+37
49770.23564332114 6.363515983536728e+38 7.636217828632969e+37 1.959011103872098e+37
54622.77217684337 4.762005360655787e+38 5.7144054213367745e+37 1.4091262246950244e+37
59948.42503189409 3.5627087464266756e+38 4.2752497389925e+37 1.0138803859795505e+37
65793.32246575682 2.6648232538043305e+38 3.197787338556608e+37 7.29710009807854e+36
72208.09018385471 1.9927547405762666e+38 2.3913052654303166e+37 5.253433782479355e+36
79248.28983539186 1.4898279311405055e+38 1.7877932009290817e+37 3.783275108956909e+36
86974.90026177834 1.1135620887709908e+38 1.336274270004547e+37 2.725375439662551e+36
95454.84566618348 8.32123631627745e+37 9.985481812101942e+36 1.9639042235016237e+36
104761.57527896661 6.216632493051902e+37 7.459957671249239e+36 1.415635287416651e+36
114975.69953977356 4.64317529429735e+37 5.571809366946161e+36 1.0207535442985583e+36
126185.6883066021 3.467096670275605e+37 4.160515267919224e+36 7.362579072307018e+35
138488.63713938746 2.5882490261297057e+37 3.105898281611428e+36 5.3122623941852685e+35
151991.10829529332 1.9316724096459743e+37 2.318006481287855e+36 3.834160164282824e+35
166810.0537200059 1.4412724934060147e+37 1.72952668596087e+36 2.7682333205782208e+35
183073.82802953696 1.0750821333280802e+37 1.2900983316461987e+36 1.9992963680837617e+35
200923.3002565046 8.01710670676399e+36 9.620526345282934e+35 1.4444212050013192e+35
220513.07399030458 5.976838692141536e+36 7.172205161089015e+35 1.0438850805774329e+35
242012.82647943834 4.4545153964288236e+36 5.3454175295753e+35 7.546636957535739e+34
265608.7782946684 3.3189559553745515e+36 3.9827464415030555e+35 5.457525108976759e+34
291505.3062825182 2.472130962544675e+36 2.966556629972873e+35 3.9480162474914527e+34
319926.71377973846 1.8408021404542324e+36 2.2089621775586145e+35 2.856947154229717e+34
351119.17342151346 1.3702661033758022e+36 1.6443190330063753e+35 2.0680666833710544e+34
385352.8593710535 1.0196737110182867e+36 1.2236082366431981e+35 1.4974925315357674e+34
422924.2874389499 7.585289985194005e+35 9.102346371116842e+34 1.08467863771918e+34
464158.8833612782 5.640710087305969e+35 6.768850906680065e+34 7.859086043005477e+33
509413.80148163857 4.193163228607861e+35 5.031794983701359e+34 5.696072322352882e+33
559081.0182512222 3.1159589898854935e+35 3.7391501260327516e+34 4.1296105619117053e+33
613590.7273413176 2.3146164938079433e+35 2.777539300944876e+34 2.994816244326835e+33
673415.0657750828 1.7186951775647963e+35 2.0624338480268161e+34 2.1724796070790767e+33
739072.2033525775 1.2756928328716575e+35 1.5308311284887695e+34 1.5763848603612075e+33
811130.8307896872 9.464888958632428e+34 1.1357864740016038e+34 1.1441578888718069e+33
890215.0854450393 7.019425188629437e+34 8.423308735429071e+33 8.306584407159838e+32
977009.9572992247 5.20353419786651e+34 6.244239932208897e+33 6.032078159873787e+32
1072267.2220103254 3.8556718835121834e+34 4.626805441269725e+33 4.381410525131703e+32
1176811.9524349992 2.8556185578508826e+34 3.4267416628875386e+33 3.1831518445057592e+32
1291549.6650148828 2.1139377032505127e+34 2.5367247949001438e+33 2.3130785928715553e+32
1417474.1629268078 1.5641165833510537e+34 1.8769395678028258e+33 1.6811461220139518e+32
1555676.1439304722 1.1567080723693017e+34 1.3880494411583114e+33 1.2220644852194838e+32
1707352.6474706922 8.549654111925245e+33 1.0259583118363344e+33 8.884785560851412e+31
1873817.4228603868 6.315903990074877e+33 7.579083446591538e+32 6.46031146962278e+31
2056512.3083486515 4.66311763065258e+33 5.595740166336684e+32 4.69788056188568e+31
2257019.7196339215 3.440823339277075e+33 4.1289872763014446e+32 3.4164849186104936e+31
2477076.355991714 2.5373733703298427e+33 3.0448475054575842e+32 2.484686658933229e+31
2718588.2427329402 1.869961923533191e+33 2.2439539110598253e+32 1.8070171749110331e+31
2983647.24028334 1.37720131453019e+33 1.6526412849186014e+32 1.314115770180707e+31
3274549.1628777315 1.0136026680471363e+33 1.2163229863673077e+32 9.555773601660526e+30
3593813.6638046256 7.454740398020458e+32 8.945686894237325e+31 6.947634209289558e+30
3944206.059437664 5.478730985447933e+32 6.574476018854792e+31 5.0503615283788633e+30
4328761.281083061 4.023441261433948e+32 4.8281286591416175e+31 3.670246994113032e+30
4750810.162102793 2.9523813957605695e+32 3.542857047826731e+31 2.666400027961737e+30
5214008.287999695 2.164663921892436e+32 2.597596246496201e+31 1.9363287594615946e+30
5722367.65935022 1.5857584364749868e+32 1.9029097869548155e+31 1.2934869563812692e+30
6280291.44183426 1.160637360550638e+32 1.3927645861413334e+31 9.501336174376524e+29
6892612.104349709 8.486966838323662e+31 1.018435840335623e+31 6.977834066232837e+29
7564633.275546291 6.199938076840423e+31 7.439924375341358e+30 5.12332365209002e+29
8302175.681319752 4.524623041932935e+31 5.429546689289367e+30 3.760608229354297e+29
9111627.561154906 3.298509525896224e+31 3.958210730471886e+30 2.75941696854159e+29
10000000.0 2.4019950435784392e+31 2.8823935421102627e+30 2.023973897510113e+29
