# Enu = 1e9 GeV (no cooling)
# t / s # pi / 1/(GeV s) # k / 1/(GeV s) # d0 / 1/(GeV s)
100.0 1.3585727801840154e+43 1.207467385567776e+42 1.6421021534371123e+40
107.22672220103232 1.1564170291419307e+43 1.0293402801289366e+42 1.3898949371756122e+40
114.97569953977356 9.831697603145074e+42 8.765121431527849e+41 1.1747031971778483e+40
123.28467394420659 8.348439534137769e+42 7.455101908384785e+41 9.913260697445239e+39
132.19411484660287 7.079870979513087e+42 6.333260264221103e+41 8.35267151053065e+39
141.74741629268047 5.996107357219299e+42 5.373544797861332e+41 7.026413186827336e+39
151.99110829529332 5.071292377688206e+42 4.5534046079189594e+41 5.900937745429791e+39
162.97508346206433 4.283066064730711e+42 3.853327774088569e+41 4.9472970533400296e+39
174.7528400007683 3.612102512668717e+42 3.256440065668743e+41 4.1405316650953225e+39
187.3817422860383 3.041708238172479e+42 2.748156247213106e+41 3.459139783556944e+39
200.9233002565048 2.5574731804154098e+42 2.3158770871603617e+41 2.884615817800099e+39
215.44346900318845 2.1469674431902756e+42 1.948726076734303e+41 2.4010493978391677e+39
231.01297000831605 1.7994777777168254e+42 1.6373206508425517e+41 1.9947769102679312e+39
247.70763559917114 1.5057785925050934e+42 1.37357338533985e+41 1.6540786668057456e+39
265.6087782946687 1.2579329620023313e+42 1.150519239049427e+41 1.3689157291786884e+39
284.8035868435802 1.0491197020151848e+42 9.62165425801159e+40 1.1307012060554658e+39
305.3855508833416 8.734830984931325e+41 8.033609513803424e+40 9.32101525963119e+38
327.45491628777285 7.260023271133815e+41 6.696832413094488e+40 7.668637873533129e+38
351.1191734215131 6.0237799285419005e+41 5.573396252987754e+40 6.296658047466916e+38
376.49358067924675 4.989335589025014e+41 4.630817395179421e+40 5.159859182069763e+38
403.70172585965537 4.1252972937516205e+41 3.841311642369153e+40 4.2199002113592684e+38
432.8761281083057 3.4049010618074596e+41 3.181148368208402e+40 3.444335963427647e+38
464.1588833612782 2.8053666194495973e+41 2.630089728754628e+40 2.805768394339941e+38
497.7023564332114 2.3073376268947246e+41 2.170903953344571e+40 2.281111979090099e+38
533.6699231206312 1.8943963978594444e+41 1.7889431579989057e+40 1.8509586935009857e+38
572.236765935022 1.552643540352157e+41 1.4717773743545217e+40 1.499029875489832e+38
613.5907273413176 1.2703341856947266e+41 1.2088775676057657e+40 1.2117038552981492e+38
657.9332246575682 1.0375635430393693e+41 9.913413508436083e+39 9.776096289943962e+37
705.4802310718645 8.459954421022002e+40 8.116559105736627e+39 7.872780498633867e+37
756.463327554629 6.886283278924295e+40 6.634933566615828e+39 6.32843055835344e+37
811.1308307896873 5.595938656588936e+40 5.41534314860571e+39 5.077863614764632e+37
869.7490026177834 4.539839174897999e+40 4.413161047732636e+39 4.06719840214154e+37
932.60334688322 3.6770217721592285e+40 3.591023021273676e+39 3.252005231112289e+37
1000.0 2.973372087755791e+40 2.917708815083182e+39 2.595737585013107e+37
1072.2672220103232 2.4005403457933513e+40 2.3671848264585486e+39 2.0684062357940646e+37
1149.7569953977356 1.9350177273665136e+40 1.9177864716089235e+39 1.6454616397941375e+37
1232.8467394420659 1.5573513204486135e+40 1.5515213938607606e+39 1.3068546814358134e+37
1321.9411484660286 1.251478470497719e+40 1.2534769954955464e+39 1.0362496621179275e+37
1417.4741629268049 1.004163769877641e+40 1.0113178450169065e+39 8.203668346831493e+36
1519.9110829529332 8.04524059572868e+39 8.148603382089025e+38 6.484348048538109e+36
1629.7508346206434 6.436287055471549e+39 6.557136053507976e+38 5.1173579769641926e+36
1747.5284000076829 5.1416408246932707e+39 5.26977083486958e+38 4.032291524841873e+36
1873.817422860383 4.1015267333535535e+39 4.229864330141443e+38 3.1724049272533904e+36
2009.2330025650458 3.267184954515568e+39 3.3910059030915524e+38 2.4920584637838337e+36
2154.4346900318847 2.5989170944554134e+39 2.7152372852647342e+38 1.954615890549579e+36
2310.1297000831605 2.064462745386503e+39 2.171567609665991e+38 1.5307247326541153e+36
2477.0763559917114 1.6376539469852323e+39 1.7347377792083433e+38 1.1969121093574918e+36
2656.0877829466867 1.2973026958895402e+39 1.3841946974090258e+38 9.344411456167782e+35
2848.035868435802 1.026283333876941e+39 1.1032416611254512e+38 7.283819315114182e+35
3053.8555088334156 8.107774448346176e+38 8.78336232776497e+37 5.668585987100446e+35
3274.5491628777286 6.396538980807156e+38 6.985112560083267e+37 4.40440550235184e+35
3511.191734215131 5.03960982813139e+38 5.548984304418832e+37 3.4165135233989385e+35
3764.9358067924672 3.965112692048722e+38 4.403370876291264e+37 2.6457340775928318e+35
4037.017258596558 3.1154298211776687e+38 3.490535750480415e+37 2.0453039706735333e+35
4328.7612810830615 2.4444435252377843e+38 2.7639901537702174e+37 1.5783270563928575e+35
4641.588833612782 1.9152968157529415e+38 2.1863521630221266e+37 1.2157374184754213e+35
4977.023564332114 1.4985776840344536e+38 1.7276020832625036e+37 9.346728019797487e+34
5336.699231206313 1.1708496455127836e+38 1.363663260711808e+37 7.171780311866875e+34
5722.3676593502205 9.134646915306163e+37 1.0752495934519046e+37 5.491732933771788e+34
6135.907273413176 7.116060793599169e+37 8.469311638076146e+36 4.19634587632638e+34
6579.332246575683 5.535177938158691e+37 6.663779177240681e+36 3.1994379234262535e+34
7054.8023107186455 4.298853206821062e+37 5.237484072487995e+36 2.43374082608323e+34
7564.633275546291 3.3333883484478285e+37 4.111965095224913e+36 1.8468315687822442e+34
8111.308307896872 2.580552407545755e+37 3.2247392669549756e+36 1.3979218611054387e+34
8697.490026177835 1.9943989442406788e+37 2.526103168087063e+36 1.055328084521477e+34
9326.0334688322 1.538724418840325e+37 1.9765624348722108e+36 7.944804908345571e+33
10000.0 1.1850416205358167e+37 1.544768794049685e+36 5.963590686008894e+33
10722.672220103232 9.109661464063277e+36 1.2058665414693338e+36 4.462664728706553e+33
11497.569953977356 6.989336030645054e+36 9.401688510630325e+35 3.328668249361019e+33
12328.467394420659 5.351811980964249e+36 7.320994085255479e+35 2.4743391083834878e+33
13219.411484660288 4.089403696140944e+36 5.693471900936594e+35 1.8326405700431178e+33
14174.741629268048 3.1179761602195e+36 4.421922435630802e+35 1.352183216075119e+33
15199.11082952933 2.3718918676852798e+36 3.429684861208575e+35 9.936608395184181e+32
16297.508346206469 1.8000215162598538e+36 2.6563615177505045e+35 7.27080238386972e+32
17475.28400007683 1.3625988804640127e+36 2.0544188141677154e+35 5.296116705047901e+32
18738.174228603868 1.028744653828086e+36 1.5864878286078882e+35 3.8392380087079996e+32
20092.33002565046 7.74519674790982e+35 1.2232228745062002e+35 2.7689626518081222e+32
21544.346900318866 5.813964967805531e+35 9.416045061695889e+34 1.9862608519817215e+32
23101.29700083158 4.3506109781106455e+35 7.2359614389563745e+34 1.4166238098910926e+32
24770.76355991714 3.2447476313447347e+35 5.550817504565182e+34 1.00418151127349e+32
26560.87782946684 2.411407192551704e+35 4.2502664240039115e+34 7.071914700507902e+31
28480.35868435805 1.7853167971404632e+35 3.248152658772367e+34 4.945869724302498e+31
30538.555088334124 1.3164367252677208e+35 2.4772917185877122e+34 3.433425567246229e+31
32745.491628777316 9.664883161244948e+34 1.8853594707590775e+34 2.364685795194394e+31
35111.917342151275 7.062563254502515e+34 1.4316586487733416e+34 1.614889931303019e+31
37649.35806792471 5.134964376222406e+34 1.0845781353856278e+34 1.0928943473514115e+31
40370.1725859655 3.7131494305464193e+34 8.195987953289163e+33 7.324841086648471e+30
43287.612810830615 2.669162540940044e+34 6.177300418452252e+33 4.8584333613634427e+30
46415.88833612782 1.9063653382684684e+34 4.6428550217080156e+33 3.1866671637198617e+30
49770.23564332114 1.3519950954433267e+34 3.4792535484438535e+33 2.0651498258019716e+30
53366.99231206313 9.514453782025694e+33 2.599081529309956e+33 1.3211018377376407e+30
57223.676593502205 6.638797821485098e+33 1.935070283898645e+33 8.333837790281503e+29
61359.072734131754 4.588755072231217e+33 1.435547391076046e+33 5.178273824876782e+29
65793.32246575682 3.1386100526596744e+33 1.0608958721181109e+33 3.1652636056357635e+29
70548.02310718645 2.12164703852103e+33 7.808021678069925e+32 1.900693234022889e+29
75646.3327554629 1.4153300857557035e+33 5.721201915462713e+32 1.1194720563383138e+29
81113.08307896872 9.30079038406921e+32 4.172159611430364e+32 6.455855191685314e+28
86974.90026177834 6.007947165243854e+32 3.0268663167064004e+32 3.6381359688277906e+28
93260.334688322 3.8048075278614295e+32 2.183708234047814e+32 1.999047268345035e+28
100000.0 2.3546026799779356e+32 1.5658527425547658e+32 1.068292033849266e+28
