# Enu = 1e9 GeV (with cooling)
# t / s # pi / 1/(GeV s) # k / 1/(GeV s) # d0 / 1/(GeV s)
100.0 7.732341265694094e+28 1.1742999730041617e+29 1.0910847659913106e+32
107.22672220103232 8.130424342804579e+28 1.2360283935147917e+29 1.138783733543651e+32
114.97569953977356 8.526927420867562e+28 1.2996992504967567e+29 1.1868508260387277e+32
123.28467394420659 8.930227076640311e+28 1.3651059757711645e+29 1.2350985729925587e+32
132.19411484660287 9.347418985875248e+28 1.4320002844650992e+29 1.2833251939359203e+32
141.74741629268047 9.778358177776641e+28 1.500503334309686e+29 1.3313158950251114e+32
151.99110829529332 1.0203923032678446e+29 1.5704354589484754e+29 1.3788445185076458e+32
162.97508346206433 1.0634479629479571e+29 1.64145195348943e+29 1.4256755195568497e+32
174.7528400007683 1.107185610780267e+29 1.7134947680160695e+29 1.4715662586931554e+32
187.3817422860383 1.1510439248033235e+29 1.7863274029599838e+29 1.516269578334569e+32
200.9233002565048 1.195048254965227e+29 1.8596472989911796e+29 1.559536623563843e+32
215.44346900318845 1.2385629207698923e+29 1.9332701470851824e+29 1.6011198556056788e+32
231.01297000831605 1.2817795218297588e+29 2.0068560177687988e+29 1.6407761902458766e+32
247.70763559917114 1.3245880976972488e+29 2.0802067851628005e+29 1.6782702004085093e+32
265.6087782946687 1.366331510081461e+29 2.1529891585228805e+29 1.7133772963219294e+32
284.8035868435802 1.4071754007571405e+29 2.2248956659280383e+29 1.7458868094580447e+32
305.3855508833416 1.4469465112442434e+29 2.2956276252212504e+29 1.7756048990631315e+32
327.45491628777285 1.4852884377900002e+29 2.364900187317138e+29 1.802357203066876e+32
351.1191734215131 1.5221860643448947e+29 2.4323761186827538e+29 1.8259911655996686e+32
376.49358067924675 1.5573098913155964e+29 2.4977737988225267e+29 1.8463779792650796e+32
403.70172585965537 1.5905349812281995e+29 2.5607975949259365e+29 1.8634140931712525e+32
432.8761281083057 1.621705742880587e+29 2.6211618192362208e+29 1.8770222530587048e+32
464.1588833612782 1.6506544094351883e+29 2.6785981874605614e+29 1.887152053577128e+32
497.7023564332114 1.6772523229767833e+29 2.7328576013591405e+29 1.8937799993981835e+32
533.6699231206312 1.7013690728639528e+29 2.783706184679458e+29 1.8969090879528066e+32
572.236765935022 1.7229374707662575e+29 2.8309348866958887e+29 1.8965679399517333e+32
613.5907273413176 1.7417993310999443e+29 2.8743524967168507e+29 1.892809518022598e+32
657.9332246575682 1.7579432336575773e+29 2.9138010951075916e+29 1.8857094836946275e+32
705.4802310718645 1.7712866410203078e+29 2.9491411392864674e+29 1.875364251463811e+32
756.463327554629 1.781794921056027e+29 2.980263634401687e+29 1.8618888040284083e+32
811.1308307896873 1.7894498861420067e+29 3.0070856034748398e+29 1.8454143353249863e+32
869.7490026177834 1.7942528114960803e+29 3.0295505975238404e+29 1.8260857877764892e+32
932.60334688322 1.7962167906150726e+29 3.0476273947474515e+29 1.804059347853181e+32
1000.0 1.7953664581960645e+29 3.061311601147163e+29 1.779499959346057e+32
1072.2672220103232 1.791753159025768e+29 3.0706213478202284e+29 1.7525789075684453e+32
1149.7569953977356 1.785428430181335e+29 3.0755979834737335e+29 1.7234715204051057e+32
1232.8467394420659 1.7764658177455445e+29 3.0763042236713825e+29 1.692355024065768e+32
1321.9411484660286 1.764941873243267e+29 3.0728217916780443e+29 1.659406583005633e+32
1417.4741629268049 1.75094986176406e+29 3.0652496063546617e+29 1.6248015453331088e+32
1519.9110829529332 1.7345861240142713e+29 3.053702370323338e+29 1.5887119071501934e+32
1629.7508346206434 1.715956016594403e+29 3.0383080902758083e+29 1.5513050021317133e+32
1747.5284000076829 1.6951705279784576e+29 3.0192065629431885e+29 1.5127424163195073e+32
1873.817422860383 1.6723443810095264e+29 2.9965470991352262e+29 1.4731791227123006e+32
2009.2330025650458 1.6475965491670653e+29 2.970486910742682e+29 1.4327628257979848e+32
2154.4346900318847 1.621047454389438e+29 2.9411894349022373e+29 1.391633502716032e+32
2310.1297000831605 1.5928198118654315e+29 2.9088225038792146e+29 1.3499231251801917e+32
2477.0763559917114 1.563036078876562e+29 2.8735570705983497e+29 1.307755544569976e+32
2656.0877829466867 1.531818753085105e+29 2.83556575068626e+29 1.2652465216020313e+32
2848.035868435802 1.4992890552306138e+29 2.795021584279307e+29 1.222503881617118e+32
3053.8555088334156 1.4655669351140758e+29 2.7520969563410146e+29 1.1796277766471053e+32
3274.5491628777286 1.4307700442812383e+29 2.7069626660105404e+29 1.1367110359518789e+32
3511.191734215131 1.3950136944425207e+29 2.6597870661398974e+29 1.0938395875321087e+32
3764.9358067924672 1.3584100843744127e+29 2.6107354032598687e+29 1.0510929341476245e+32
4037.017258596558 1.3210685024661788e+29 2.5599691862068623e+29 1.0085446685164882e+32
4328.7612810830615 1.2830947416161958e+29 2.5076457488412706e+29 9.662630135826026e+31
4641.588833612782 1.2445911685221926e+29 2.4539178535198616e+29 9.243113749647374e+31
4977.023564332114 1.2056564827478254e+29 2.398933410996315e+29 8.827488939087127e+31
5336.699231206313 1.1663857351049383e+29 2.3428352857453996e+29 8.416309902323087e+31
5722.3676593502205 1.1268702923297257e+29 2.2857611548073214e+29 8.010098858749478e+31
6135.907273413176 1.0871978646587718e+29 2.2278434494205754e+29 7.609351007421111e+31
6579.332246575683 1.0474525184239186e+29 2.169209339095255e+29 7.214539135834506e+31
7054.8023107186455 1.0077147939892115e+29 2.1099807702476744e+29 6.826117816832915e+31
7564.633275546291 9.680617549901906e+28 2.0502745433078877e+29 6.444527142057176e+31
8111.308307896872 9.285671170259032e+28 1.9902024200834624e+29 6.070195951534425e+31
8697.490026177835 8.893013497338438e+28 1.9298712634039088e+29 5.70354453112168e+31
9326.0334688322 8.503318034068574e+28 1.8693831959677288e+29 5.34498676294161e+31
10000.0 8.11722840441332e+28 1.8088357755390703e+29 4.994931729011015e+31
10722.672220103232 7.735359573490985e+28 1.7483221838113417e+29 4.6537847851931055e+31
11497.569953977356 7.358299194845859e+28 1.6879314240060047e+29 4.321948141449353e+31
12328.467394420659 6.986608833820703e+28 1.6277485223809963e+29 3.9998210048950978e+31
13219.411484660288 6.620825182878035e+28 1.5678547339509818e+29 3.6877993636716424e+31
14174.741629268048 6.261461213810998e+28 1.5083277464143721e+29 3.3862755107880678e+31
15199.11082952933 5.909007222647095e+28 1.4492418826622917e+29 3.0956374255357535e+31
16297.508346206469 5.563931793863186e+28 1.3906682986779738e+29 2.8162681421640663e+31
17475.28400007683 5.226682639940351e+28 1.3326751758008686e+29 2.548545235723296e+31
18738.174228603868 4.897687318701086e+28 1.2753279057612972e+29 2.2928405353717847e+31
20092.33002565046 4.57735380037426e+28 1.2186892673871373e+29 2.049520125086203e+31
21544.346900318866 4.2660708816864055e+28 1.162819593965214e+29 1.8189445962616453e+31
23101.29700083158 3.964208424290433e+28 1.1077769303973288e+29 1.601469358702969e+31
24770.76355991714 3.6721174056840544e+28 1.053617179311648e+29 1.3974445770858634e+31
26560.87782946684 3.390129766728266e+28 1.0003942353490897e+29 1.2072139633711427e+31
28480.35868435805 3.118558036283441e+28 9.481601069965503e+28 1.031111218675097e+31
30538.555088334124 2.8576947168751558e+28 8.969650251379799e+28 8.694524072649373e+30
32745.491628777316 2.6078114112892386e+28 8.468575376399485e+28 7.225220438470402e+30
35111.917342151275 2.3691576702681833e+28 7.978845891260031e+28 5.905503593530906e+30
37649.35806792471 2.1419595399520246e+28 7.500915850646703e+28 4.736793854605486e+30
40370.1725859655 1.926417787592911e+28 7.0352243917138825e+28 3.719166081670289e+30
43287.612810830615 1.7227057839557938e+28 6.582196030004781e+28 2.85077496441148e+30
46415.88833612782 1.5309670214991704e+28 6.142240764556585e+28 2.1272255715744209e+30
49770.23564332114 1.351312249012552e+28 5.715753977721933e+28 1.541004196767756e+30
53366.99231206313 1.1838162069700305e+28 5.303116113299498e+28 1.0811428318464955e+30
57223.676593502205 1.028513952645777e+28 4.9046921144961765e+28 7.333169233001207e+29
61359.072734131754 8.853967722298398e+27 4.520830600923365e+28 4.8052847431817886e+29
65793.32246575682 7.544076883797162e+27 4.151862761491256e+28 3.0437776331969333e+29
70548.02310718645 6.35436587827838e+27 3.7981009375745693e+28 1.867037578330869e+29
75646.3327554629 5.283150158150526e+27 3.459836868406988e+28 1.1117925777317738e+29
81113.08307896872 4.3281071433339426e+27 3.1373395683134656e+28 6.44196533401487e+28
86974.90026177834 3.4862202173469606e+27 2.8308528033426367e+28 3.636234078730197e+28
93260.334688322 2.7537230533981706e+27 2.5405921332193787e+28 1.998860809551618e+28
100000.0 2.12604670216695e+27 2.2667414836401233e+28 1.0682798129669015e+28
