# t1, t2 = 1e2, 1e7 (with cooling)
# E / GeV # pi / 1/GeV # k / 1/GeV # d0 / 1/GeV
10000.0 8.050115632250399e+42 3.4014457457636696e+41 6.885700605072829e+39
23357.21469090121 5.560911081489037e+42 2.7217301482894407e+41 4.870874411314327e+39
54555.947811685146 3.1676226900250864e+42 1.867714355988718e+41 2.6076278535875568e+39
127427.49857031321 1.4934006144428383e+42 1.0597819022083779e+41 1.0441324064095157e+39
297635.14416313195 5.9860074666027574e+41 5.034706709877292e+40 3.660361170662652e+38
695192.7961775606 1.996021790159521e+41 2.095187763469263e+40 1.2450144602754374e+38
1623776.739188721 5.099005557890408e+40 7.891497350866365e+39 4.095036583926405e+37
3792690.1907322537 1.0027291401795877e+40 2.6898168167887727e+39 1.2574831909375022e+37
8858667.904100832 1.576549119356314e+39 7.853410421100971e+38 3.3745726287202675e+36
20691380.811147902 1.855701716534304e+38 1.713910510871512e+38 6.99497123329784e+35
48329302.38571752 1.3769435980547562e+37 2.5499360123205097e+37 8.781130357965306e+34
112883789.16846883 5.007068143573534e+35 2.385473328100303e+36 3.8725842138818467e+33
263665089.87303555 3.373503422912367e+33 1.0185324668635934e+35 1.2663282634908805e+31
615848211.0660255 0.0 5.806376049917993e+32 9.924851100802636e+23
1438449888.2876658 0.0 0.0 0.0
3359818286.2837877 0.0 0.0 0.0
7847599703.514623 0.0 0.0 0.0
18329807108.324375 0.0 0.0 0.0
42813323987.193954 0.0 0.0 0.0
100000000000.0 0.0 0.0 0.0
