# Enu = 1e6 GeV (no cooling)
# t / s # pi / 1/(GeV s) # k / 1/(GeV s) # d0 / 1/(GeV s)
1000.0 6.385303403681289e+42 2.285263357386305e+41 1.4385438897961182e+40
1097.4987654930555 5.244794219291417e+42 1.8833136697182208e+41 1.1693465214723302e+40
1204.5035402587823 4.305059008540078e+42 1.5514613856713654e+41 9.497819312509941e+39
1321.9411484660286 3.531132441019234e+42 1.2775617987204385e+41 7.708239531244515e+39
1450.8287784959402 2.894090806712258e+42 1.0515630379791127e+41 6.250653366681432e+39
1592.2827933410922 2.3700144191805246e+42 8.651471477724845e+40 5.064316392852027e+39
1747.5284000076829 1.9391273130192654e+42 7.114324512865574e+40 4.09944894115672e+39
1917.9102616724888 1.585084067327846e+42 5.847267737722449e+40 3.3152852752348304e+39
2104.9041445120197 1.2943787061776365e+42 4.803228694300349e+40 2.6784644183981618e+39
2310.1297000831605 1.0558548782492733e+42 3.9432886487589666e+40 2.161703784144116e+39
2535.3644939701117 8.603000483937158e+41 3.2352775192188397e+40 1.7427067402179416e+39
2782.559402207126 7.001093661563419e+41 2.6526097554724136e+40 1.4032635422283588e+39
3053.8555088334156 5.69007311761323e+41 2.1733200444093753e+40 1.1285119849867028e+39
3351.6026509388407 4.618172428800447e+41 1.779264704502859e+40 9.063298715846375e+38
3678.379771828634 3.742706455813995e+41 1.4554604381297896e+40 7.268361852548248e+38
4037.017258596554 3.0284928819236253e+41 1.1895369322104962e+40 5.819818281707867e+38
4430.621457583882 2.4465463555456043e+41 9.712838020535468e+39 4.652140985041234e+38
4862.601580065353 1.972998433568049e+41 7.922756985908286e+39 3.7120182394809184e+38
5336.699231206313 1.5882045109639295e+41 6.455621602053449e+39 2.9561034973081465e+38
5857.020818056667 1.2760055539845753e+41 5.254110825008193e+39 2.3491746970672105e+38
6428.073117284319 1.0231179586456624e+41 4.270965819325744e+39 1.8626295545826884e+38
7054.8023107186455 8.186294241800785e+40 3.4672360812457407e+39 1.4732563480514285e+38
7742.63682681127 6.535825213401512e+40 2.810829697283214e+39 1.1622304311801587e+38
8497.534359086447 5.206307798273751e+40 2.2753152538416114e+39 9.142955630935962e+37
9326.0334688322 4.1375472738876175e+40 1.8389319258933628e+39 7.170964500853834e+37
10235.31021899027 3.280274763903892e+40 1.483771745362738e+39 5.606349166665932e+37
11233.240329780265 2.594212476716899e+40 1.1951042442230297e+39 4.368270823539875e+37
12328.467394420659 2.0464770905065828e+40 9.608188009267016e+38 3.3914300008049186e+37
13530.477745798076 1.6102623913192865e+40 7.709642723158028e+38 2.6231356512835326e+37
14849.682622544635 1.2637524928968174e+40 6.173690167327615e+38 2.020922574972962e+37
16297.508346206434 9.892254366525099e+39 4.933273323682696e+38 1.5506154152235089e+37
17886.495290574352 7.723139839436702e+39 3.9334075149434436e+38 1.1847560220125706e+37
19630.406500402725 6.013962163512599e+39 3.129046320995311e+38 9.013262077386575e+36
21544.346900318866 4.670933568887153e+39 2.4833214490027933e+38 6.827104254344304e+36
23644.894126454074 3.6185618535751466e+39 1.9660912490608474e+38 5.148531690346689e+36
25950.242113997374 2.796246857021935e+39 1.5527439169837712e+38 3.865743312719756e+36
28480.35868435805 2.15548250353468e+39 1.2232108195381765e+38 2.8901268194670753e+36
31257.15849688235 1.6575597534635883e+39 9.611531510903214e+37 2.1517331004979707e+36
34304.69286314919 1.2716839385494781e+39 7.532915621891081e+37 1.5955951908100487e+36
37649.35806792471 9.734348484168758e+38 5.888537197772263e+37 1.1787344756895356e+36
41320.124001153345 7.435101663169257e+38 4.591191554042211e+37 8.677274759593452e+35
45348.78508128582 5.667029150392209e+38 3.570443890650968e+37 6.3673112042312505e+35
49770.23564332114 4.310718748701029e+38 2.76954312205954e+37 4.658839901206958e+35
54622.77217684337 3.2727080745310565e+38 2.142882820533495e+37 3.4001649969958946e+35
59948.42503189409 2.4800803186818627e+38 1.6539141071876618e+37 2.4761516844566257e+35
65793.32246575682 1.876126678521371e+38 1.2734320170258596e+37 1.799957343767171e+35
72208.09018385471 1.41687856820491e+38 9.781705649386073e+36 1.3064748617368568e+35
79248.28983539186 1.0683462903712853e+38 7.496529782012336e+36 9.471733011553708e+34
86974.90026177834 8.043291121777994e+37 5.732527809167426e+36 6.860716423842432e+34
95454.84566618348 6.046854746038209e+37 4.3742898759416953e+36 4.966238718514238e+34
104761.57527896661 4.539720563320903e+37 3.3310489423088723e+36 3.59330206974728e+34
114975.69953977356 3.403771699965103e+37 2.5316509893719144e+36 2.5992095616762828e+34
126185.6883066021 2.548879567799048e+37 1.9204964628524746e+36 1.8798713132228457e+34
138488.63713938746 1.9064246505513184e+37 1.4542773596205538e+36 1.3595585969330543e+34
151991.10829529332 1.4242729700081927e+37 1.0993639901521345e+36 9.832913440953915e+33
166810.0537200059 1.0628938780929652e+37 8.297202840191063e+35 7.112171449498756e+33
183073.82802953696 7.92369122110117e+36 6.252473697508847e+35 5.1448279750699924e+33
200923.3002565046 5.90095265960294e+36 4.704727052999387e+35 3.7221553915915655e+33
220513.07399030458 4.3902355985649825e+36 3.535167804871436e+35 2.693236196555929e+33
242012.82647943834 3.26314998073272e+36 2.652817798812771e+35 1.9489833977561295e+33
265608.7782946684 2.4231509805876006e+36 1.9881693270775043e+35 1.4105553695109363e+33
291505.3062825182 1.7977415413582442e+36 1.4882388059582777e+35 1.0209695100826117e+33
319926.71377973846 1.3325543814722407e+36 1.112725179256693e+35 7.390377862506338e+32
351119.17342151346 9.868692902107218e+35 8.310362401062801e+34 5.349841784289383e+32
385352.8593710535 7.302238656561218e+35 6.199940469718866e+34 3.872787014087245e+32
422924.2874389499 5.3985539710168156e+35 4.620696261554751e+34 2.8035060096848756e+32
464158.8833612782 3.9877319386340835e+35 3.440286818223875e+34 2.029365563337305e+32
509413.80148163857 2.9430819336844253e+35 2.558953579184714e+34 1.468874137862457e+32
559081.0182512222 2.1702323634317794e+35 1.9016131669477735e+34 1.0630600349473719e+32
613590.7273413176 1.598954253962203e+35 1.4118345415158517e+34 7.69240360375252e+31
673415.0657750828 1.1770341408737939e+35 1.047262541502327e+34 5.565167182956535e+31
739072.2033525775 8.656881751389992e+34 7.761474975274855e+33 4.0251830372586454e+31
811130.8307896872 6.361337029858445e+34 5.747185745455944e+33 2.910463548072113e+31
890215.0854450393 4.670289778462014e+34 4.251992351237535e+33 2.103700965498287e+31
977009.9572992247 3.4256317967621587e+34 3.1431033708787156e+33 1.5199370266965842e+31
1072267.2220103254 2.510329964638384e+34 2.3214280342776163e+33 1.0976388706921875e+31
1176811.9524349992 1.837828445546785e+34 1.7130986250767833e+33 7.922389448426818e+30
1291549.6650148828 1.344165683858902e+34 1.2631040542072191e+33 5.714577120356559e+30
1417474.1629268078 9.821160908909867e+33 9.305150786076807e+32 4.1191658838025826e+30
1555676.1439304722 7.168402535275857e+33 6.849076511815846e+32 2.966848368714543e+30
1707352.6474706922 5.226580214453491e+33 5.036868850067758e+32 2.1350265828549813e+30
1873817.4228603868 3.8065664789604803e+33 3.7008707954773855e+32 1.534939494139673e+30
2056512.3083486515 2.7691938158116935e+33 2.7167859851835196e+32 1.1023371303264448e+30
2257019.7196339215 2.0121465625851927e+33 1.99254282684571e+32 7.907237027354164e+29
2477076.355991714 1.4602691716928087e+33 1.4599973691035216e+32 5.664619199067754e+29
2718588.2427329402 1.0584063492310392e+33 1.0687571071174241e+32 4.052258303241477e+29
2983647.24028334 7.66118010657698e+32 7.815877739473899e+31 2.8943082780897995e+29
3274549.1628777315 5.5378136817136845e+32 5.710004349906361e+31 2.0637176465803423e+29
3593813.6638046256 3.997184821942016e+32 4.167177934444768e+31 1.4687421644601724e+29
3944206.059437664 2.8808128653382647e+32 3.0379481528285004e+31 1.0431761841474118e+29
4328761.281083061 2.0729567315544347e+32 2.2122586876414225e+31 7.392788205960266e+28
4750810.162102793 1.4891785493268687e+32 1.6091329137507565e+31 5.226528003263281e+28
5214008.287999695 1.0679450925760462e+32 1.1690422805071757e+31 3.6853809666990645e+28
5722367.65935022 7.644656942050363e+31 8.482642754976108e+30 3.459997293971966e+28
6280291.44183426 5.461752783058004e+31 6.147146990599172e+30 2.4960605658859036e+28
6892612.104349709 3.8942646274155714e+31 4.4487152942042016e+30 1.7975421326720835e+28
7564633.275546291 2.770694718947921e+31 3.2150635079623443e+30 1.2920613959427259e+28
8302175.681319752 1.9668336866777349e+31 2.320127341474297e+30 9.268250129168965e+27
9111627.561154906 1.3928466513719583e+31 1.6717552804474964e+30 6.633575711331115e+27
10000000.0 9.838548874497774e+30 1.2026554052336817e+30 4.7364361577236053e+27
