# `K` Integrated Spectrum / 1/GeV - 2024/07/19 13:13:22
# Magnetar:
#     R = 1e+06 cm
#     B = 3.16e+14 G
#     o = 1e+04 rad / s
#     chi = 0.95 rad
#     I = 1e+45 g * cm**2
#     mu = 1.58e+32 erg / G
#     tsd = 3.24e+03 s
#     lum = 1.54e+49 erg / s
#     E = 5.27e+11 GeV
#     spec = 2.2e+39
#     n = 3.09e+18 1 / cm**3
# Energy / GeV # Spectrum (1e3 - 1e3) / 1/GeV # Spectrum (1e4 - 1e5) / 1/GeV # Spectrum (1e3 - 1e7) / 1/GeV
100000.0   2.2377700819797523e+42   2.421017062423597e+43   3.403848352683001e+43
117681.19524349991   1.5963438744227224e+42   1.7842148612597902e+43   2.573421584411977e+43
138488.63713938717   1.1384451821181309e+42   1.3099721357656368e+43   1.943779858104474e+43
162975.08346206436   8.116535578784257e+41   9.582253612521871e+42   1.4667908963989817e+43
191791.02616724887   5.784954789630413e+41   6.984142193367416e+42   1.1057653515257545e+43
225701.97196339216   4.1218990877385536e+41   5.0730366510160614e+42   8.327585028879996e+42
265608.7782946684   2.936026066917769e+41   3.672973500787224e+42   6.265030282760358e+42
312571.58496882353   2.0906644519722393e+41   2.6512940958812133e+42   4.7082649478492524e+42
367837.97718286345   1.4882196071725197e+41   1.90848391841703e+42   3.534408561515182e+42
432876.12810830615   1.0590196963649045e+41   1.3702816812552884e+42   2.6501722536577366e+42
509413.8014816375   7.533402043097173e+40   9.815639820309125e+41   1.984792400331264e+42
599484.2503189408   5.357026720004027e+40   7.016252849812412e+41   1.4846379421351655e+42
705480.2310718645   3.8080023876085443e+40   5.005554863699536e+41   1.1090981585186302e+42
830217.5681319735   2.705865631985528e+40   3.564784573282878e+41   8.274493137310523e+41
977009.9572992247   1.921964886244835e+40   2.534620772032812e+41   6.164690460637607e+41
1149756.9953977356   1.3646119827886471e+40   1.7994794951160136e+41   4.586215056540869e+41
1353047.7745798077   9.684817208757173e+39   1.2757983634702127e+41   3.4067780533251346e+41
1592282.793341094   6.870461334969096e+39   9.033529260255386e+40   2.5266822936506593e+41
1873817.422860383   4.87176125815645e+39   6.388588578239176e+40   1.870870814964528e+41
2205130.739903046   3.452906426489138e+39   4.5128369473306585e+40   1.3828977002773638e+41
2595024.2113997373   2.446105023013874e+39   3.1842778090520074e+40   1.0203605179538461e+41
3053855.5088334125   1.7320056215192825e+39   2.2444138646270256e+40   7.514431122637015e+40
3593813.6638046256   1.225743171822275e+39   1.5802837426467546e+40   5.523012153191711e+40
4229242.8743894985   8.669965537205908e+38   1.1115081779525577e+40   4.0508726978904013e+40
4977023.564332114   6.129065981251099e+38   7.809754050101753e+39   2.964596220023164e+40
5857020.818056662   4.330331971100782e+38   5.481602012765511e+39   2.1645842846136253e+40
6892612.104349695   3.0576555804020623e+38   3.843425396257781e+39   1.5765894634618411e+40
8111308.307896872   2.1576772153684596e+38   2.6919243885678985e+39   1.1453444269831504e+40
9545484.566618327   1.5216140540553052e+38   1.8833490491959335e+39   8.297735953671112e+39
11233240.329780266   1.0723381323564305e+38   1.3161641994893147e+39   5.993983866452507e+39
13219411.484660286   7.551908728088042e+37   9.187261870491143e+38   4.3164177186240205e+39
15556761.439304722   5.314561321813182e+37   6.405339376205962e+38   3.0980968373718027e+39
18307382.802953698   3.737241522954877e+37   4.460250989388566e+38   2.2158128716352577e+39
21544346.900318824   2.625999524873416e+37   3.1018188342094223e+38   1.578813738230072e+39
25353644.939701114   1.843672691395564e+37   2.1542204989046027e+38   1.1203936428759628e+39
29836472.402833343   1.2933137695115938e+37   1.4940142746844533e+38   7.916300747982168e+38
35111917.34215128   9.064403759875952e+36   1.0346227117539331e+38   5.5672699402217455e+38
41320124.00115334   6.347070280909272e+36   7.153870946709174e+37   3.895579991480564e+38
48626015.80065353   4.4400573493655636e+36   4.9385374828839e+37   2.71104711495968e+38
57223676.5935022   3.102890711643045e+36   3.403431456165739e+37   1.87562009970984e+38
67341506.57750829   2.1661437256013648e+36   2.341299267045604e+37   1.2893922180189892e+38
79248289.8353917   1.5105320695116543e+36   1.6075861732208574e+37   8.802955725509473e+37
93260334.688322   1.0521366452287846e+36   1.1015926599149972e+37   5.965248484349834e+37
109749876.54930545   7.319644376205113e+35   7.532596151110161e+36   4.009803540739474e+37
129154966.50148827   5.085784237225125e+35   5.139105470358097e+36   2.6720207720480864e+37
151991108.2952933   3.5289757928526476e+35   3.497728886668113e+36   1.7640241948948034e+37
178864952.9057435   2.4453044932205122e+35   2.3744915258176566e+36   1.1530674715203036e+37
210490414.45120218   1.6919180067038433e+35   1.6075473372347267e+36   7.458650022393654e+36
247707635.5991714   1.1688372250022445e+35   1.0851258613871691e+36   4.772571249202571e+36
291505306.28251696   8.06159264042217e+34   7.301713695966685e+35   3.020380713490102e+36
343046928.63149124   5.550610968074876e+34   4.8965736615667335e+35   1.890864269436521e+36
403701725.85965496   3.8148021484425634e+34   3.271635176081249e+35   1.171659852719063e+36
475081016.21027935   2.6167950412398633e+34   2.177262931678787e+35   7.193426562872953e+35
559081018.2512223   1.791372925546886e+34   1.4427221943746999e+35   4.382084658819737e+35
657933224.6575682   1.2236864628390878e+34   9.515124059869868e+34   2.652945273342536e+35
774263682.6811278   8.340054183524382e+33   6.243371174353734e+34   1.5985000352458105e+35
911162756.1154869   5.670575561260338e+33   4.073668435849464e+34   9.596375668330772e+34
1072267222.0103253   3.8458266471537075e+33   2.641648815598802e+34   5.74380416350573e+34
1261856883.0660183   2.601378971659017e+33   1.70143936572401e+34   3.42867399507827e+34
1484968262.2544634   1.7547797256535646e+33   1.08768306276152e+34   2.041371094917191e+34
1747528400.007683   1.1803588129677278e+33   6.895781421002692e+33   1.2121632480225869e+34
2056512308.3486514   7.917178069087227e+32   4.331749215795441e+33   7.177693140509329e+33
2420128264.7943835   5.295749100732814e+32   2.6933479039376703e+33   4.237614863313443e+33
2848035868.4357934   3.5333982059338415e+32   1.6556317359912275e+33   2.4940443945933292e+33
3351602650.9388475   2.3528273958669387e+32   1.0048675298813188e+33   1.463168369898437e+33
3944206059.437648   1.5650523344266257e+32   6.013099681222756e+32   8.556918022399607e+32
4641588833.612773   1.0412399205348909e+32   3.542005827258737e+32   4.989911797755143e+32
5462277217.684337   6.9368511698114235e+31   2.0504183553834502e+32   2.902980205498091e+32
6428073117.284319   4.633750599271858e+31   1.1645525602127397e+32   1.6864192831041288e+32
7564633275.54629   3.107748419850296e+31   6.4794556927664165e+31   9.79670678234755e+31
8902150854.450356   2.09516488762216e+31   3.527411444101374e+31   5.702800284977826e+31
10476157527.896662   1.4209743995168675e+31   1.8775333792445082e+31   3.3356803318367613e+31
12328467394.420633   9.695746284341802e+30   9.767038578768352e+30   1.9669827225359872e+31
14508287784.95943   6.649893878269439e+30   4.961667185088968e+30   1.1733480450440947e+31
17073526474.706886   4.575122106800955e+30   2.4546283442026368e+30   7.100513455564991e+30
20092330025.65046   3.147358469106063e+30   1.1768830292532911e+30   4.364443802143011e+30
23644894126.45407   2.1555954798870625e+30   5.435687488618158e+29   2.721485990532175e+30
27825594022.07126   1.4621153011112266e+30   2.4017033447724296e+29   1.714407010510006e+30
32745491628.777317   9.763004132787182e+29   1.0084121606605743e+29   1.0836230867754965e+30
38535285937.105194   6.375619907301715e+29   4.02033793632288e+28   6.812493786763255e+29
45348785081.28591   4.0494726403060614e+29   1.5235668928085842e+28   4.219264315521715e+29
53366992312.06302   2.4896388263798487e+29   5.269409707542311e+27   2.550121029609438e+29
62802914418.34247   1.473011445569153e+29   1.512077607725357e+27   1.4910747863111026e+29
73907220335.25775   8.327304710803926e+28   3.0363543592134265e+26   8.366140040614183e+28
86974900261.77835   4.4584738266281005e+28   2.959099191601219e+25   4.462876336642857e+28
102353102189.90268   2.235222348092141e+28   2.1198859856909177e+23   2.2352911863832345e+28
120450354025.87787   1.0327083298697468e+28   0.0   1.0327083298697468e+28
141747416292.68076   4.2863723188180365e+27   0.0   4.2863723188180365e+27
166810053720.00558   1.5329409616087872e+27   0.0   1.5329409616087872e+27
196304065004.02686   4.3939294742148294e+26   0.0   4.3939294742148294e+26
231012970008.3158   8.741131186609306e+25   0.0   8.741131186609306e+25
271858824273.294   8.35336283393182e+24   0.0   8.35336283393182e+24
319926713779.73846   5.081005740335492e+22   0.0   5.081005740335492e+22
376493580679.2456   0.0   0.0   0.0
443062145758.3887   0.0   0.0   0.0
521400828799.9674   0.0   0.0   0.0
613590727341.3163   0.0   0.0   0.0
722080901838.5457   0.0   0.0   0.0
849753435908.6438   0.0   0.0   0.0
1000000000000.0   0.0   0.0   0.0
