# `Lam+c` Integrated Spectrum / 1/GeV - 2024/07/19 13:23:59
# Magnetar:
#     R = 1e+06 cm
#     B = 3.16e+14 G
#     o = 1e+04 rad / s
#     chi = 0.95 rad
#     I = 1e+45 g * cm**2
#     mu = 1.58e+32 erg / G
#     tsd = 3.24e+03 s
#     lum = 1.54e+49 erg / s
#     E = 5.27e+11 GeV
#     spec = 2.2e+39
#     n = 3.09e+18 1 / cm**3
# Energy / GeV # Spectrum (1e3 - 1e3) / 1/GeV # Spectrum (1e4 - 1e5) / 1/GeV # Spectrum (1e3 - 1e7) / 1/GeV
100000.0   9.356726113508117e+42   1.613251914638984e+41   9.531377991533565e+42
117681.19524349991   6.999209591477316e+42   1.2961494632577345e+41   7.139520721311662e+42
138488.63713938717   5.216570649169303e+42   1.0413594875817013e+41   5.3292911305782795e+42
162975.08346206436   3.87452908761797e+42   8.366369570913371e+40   3.9650821715276975e+42
191791.02616724887   2.8683606538177975e+42   6.721431672196825e+40   2.9411035640575607e+42
225701.97196339216   2.1169351447702506e+42   5.399728519041448e+40   2.1753686283040167e+42
265608.7782946684   1.557800216736375e+42   4.3377422897858322e+40   1.6047369013936438e+42
312571.58496882353   1.1431692428631521e+42   3.48443714826426e+40   1.1808689002079963e+42
367837.97718286345   8.366817413754935e+41   2.7988063399050603e+40   8.669599604919915e+41
432876.12810830615   6.108147595195007e+41   2.247901333289841e+40   6.3513025856997335e+41
509413.8014816375   4.4483473033773905e+41   1.8052482744236355e+40   4.6435950524810785e+41
599484.2503189408   3.231917239257765e+41   1.4495756385584883e+40   3.3886740804437236e+41
705480.2310718645   2.3427104424201934e+41   1.1637919231804912e+40   2.4685418959546045e+41
830217.5681319735   1.6943001117658308e+41   9.341642447754085e+39   1.7952846910614836e+41
977009.9572992247   1.2225988422845256e+41   7.496583589804267e+39   1.3036203510179393e+41
1149756.9953977356   8.802381309509808e+40   6.014083829083986e+39   9.45220508588705e+40
1353047.7745798077   6.323123364027724e+40   4.822907327539242e+39   6.844083466484847e+40
1592282.793341094   4.531722005741104e+40   3.8658179888982766e+39   4.949150373239166e+40
1873817.422860383   3.240202165421059e+40   3.096829052318339e+39   3.574453184179368e+40
2205130.739903046   2.3111486879377666e+40   2.4789933298880663e+39   2.578578003670743e+40
2595024.2113997373   1.644346965340643e+40   1.982627861869507e+39   1.8580980292891173e+40
3053855.5088334125   1.1668791792088978e+40   1.5838876199079193e+39   1.3375153405108642e+40
3593813.6638046256   8.258059944567092e+39   1.263619624839373e+39   9.618185093223601e+39
4229242.8743894985   5.827749229418881e+39   1.006442259153151e+39   6.90991260003154e+39
4977023.564332114   4.100592143939125e+39   8.00005284994417e+38   4.959712043353586e+39
5857020.818056662   2.876553736839807e+39   6.3439465663248155e+38   3.556828488162995e+39
6892612.104349695   2.0116170546531673e+39   5.016531153949121e+38   2.548641267880548e+39
8111308.307896872   1.4023144510608812e+39   3.953932321785592e+38   1.8247749959067475e+39
9545484.566618327   9.744744058244928e+38   3.1048441773167966e+38   1.3055062707290405e+39
11233240.329780266   6.750525237693032e+38   2.4279965871464596e+38   9.333198354266354e+38
13219411.484660286   4.6621262898458696e+38   1.890112709767292e+38   6.667689079373296e+38
15556761.439304722   3.2104497374453497e+38   1.464275411353069e+38   4.7601793718277805e+38
18307382.802953698   2.204728420725814e+38   1.1286364708572913e+38   3.396115464096997e+38
21544346.900318824   1.5102047970506383e+38   8.65409381061588e+37   2.4213560797115982e+38
25353644.939701114   1.0320483775486509e+38   6.600898380671474e+37   1.7252635329852798e+38
29836472.402833343   7.0379023980485555e+37   5.00852022370259e+37   1.2284949390138662e+38
35111917.34215128   4.790277513821744e+37   3.780755227253077e+37   8.741974696191895e+37
41320124.00115334   3.254949634882181e+37   2.839668155460365e+37   6.2166565194586025e+37
48626015.80065353   2.2084125392235973e+37   2.1224889425165398e+37   4.417771125143771e+37
57223676.5935022   1.4963983134741308e+37   1.5790126260870723e+37   3.13711419460099e+37
67341506.57750829   1.0127809702693727e+37   1.1693909438597645e+37   2.225935824605914e+37
79248289.8353917   6.847725103595555e+36   8.622474068796588e+36   1.5780317723854446e+37
93260334.688322   4.6258479892241604e+36   6.330728760900732e+36   1.1176213196286256e+37
109749876.54930545   3.1224324231637384e+36   4.628708998803322e+36   7.906638972501549e+36
129154966.50148827   2.1061265225663454e+36   3.370266959519075e+36   5.586438504383436e+36
151991108.2952933   1.4196765494255234e+36   2.4437473833242905e+36   3.941251193529809e+36
178864952.9057435   9.563624474441964e+35   1.7643998187295403e+36   2.775740657717014e+36
210490414.45120218   6.438565255393657e+35   1.2682811693456384e+36   1.9509019984301333e+36
247707635.5991714   4.331965386160998e+35   9.07413519844045e+35   1.3678640285869774e+36
291505306.28251696   2.9127017097550946e+35   6.459805686560236e+35   9.563345277238031e+35
343046928.63149124   1.9570299742805895e+35   4.573694449045374e+35   6.66362367010413e+35
403701725.85965496   1.3138723035719596e+35   3.2189058432785015e+35   4.624675894676884e+35
475081016.21027935   8.812804586758177e+34   2.2503438566701577e+35   3.194609630735474e+35
559081018.2512223   5.904964740078277e+34   1.5614791277163303e+35   2.1946822499145213e+35
657933224.6575682   3.951695532788999e+34   1.0743695084071199e+35   1.498128646202865e+35
774263682.6811278   2.640676062453691e+34   7.321780764292731e+34   1.0151043321172715e+35
911162756.1154869   1.7615449913785197e+34   4.935929797977951e+34   6.819821570393499e+34
1072267222.0103253   1.172672141960333e+34   3.2868533296132713e+34   4.537469499760239e+34
1261856883.0660183   7.787412260822943e+33   2.15847639102e+34   2.9859346226743595e+34
1484968262.2544634   5.1563300396830257e+33   1.3953950033143544e+34   1.9409051088279659e+34
1747528400.007683   3.402353632439381e+33   8.86333515416558e+33   1.2445779401662476e+34
2056512308.3486514   2.2357687611525487e+33   5.520401705510203e+33   7.863264729859823e+33
2420128264.7943835   1.4620131047420528e+33   3.364504392530235e+33   4.8897179863032814e+33
2848035868.4357934   9.505264433815344e+32   2.002456425694863e+33   2.990260376042178e+33
3351602650.9388475   6.1377918591739024e+32   1.1615992157825197e+33   1.797488207551254e+33
3944206059.437648   3.931576455091154e+32   6.5558745459948e+32   1.0619584727481152e+33
4641588833.612773   2.4946725699912647e+32   3.594034732310804e+32   6.1679714570994236e+32
5462277217.684337   1.5654516619725222e+32   1.910802337222942e+32   3.523575971924257e+32
6428073117.284319   9.696591198608292e+31   9.833621665059296e+31   1.9808587791336307e+32
7564633275.54629   5.915570817275225e+31   4.885871605502246e+31   1.0961408909898027e+32
8902150854.450356   3.545439114764632e+31   2.334733080749193e+31   5.9693540641871955e+31
10476157527.896662   2.081470467049478e+31   1.0671042103167488e+31   3.196493899189174e+31
12328467394.420633   1.1930034194573784e+31   4.629567555777477e+30   1.68058352906085e+31
14508287784.95943   6.650019592822296e+30   1.8870108033938363e+30   8.656847560562573e+30
17073526474.706886   3.589478262739643e+30   7.127606703165752e+29   4.3567536320212317e+30
20092330025.65046   1.8670459501069292e+30   2.4492285760922806e+29   2.13477529465222e+30
23644894126.45407   9.30798773339327e+29   7.465476186668608e+28   1.014029825786068e+30
27825594022.07126   4.421628088059172e+29   1.9480273529121657e+28   4.644514151356188e+29
32745491628.777317   1.9887249514767927e+29   4.131742900917008e+27   2.0376884284720336e+29
38535285937.105194   8.410214232395397e+28   6.581151897957261e+26   8.492154967035074e+28
45348785081.28591   3.316975287557688e+28   6.925787432218293e+25   3.3262526983053103e+28
53366992312.06302   1.2070745860474927e+28   3.832683736222586e+24   1.2076522398344587e+28
62802914418.34247   3.990171590421787e+27   5.9961892252305934e+22   3.990291820912859e+27
73907220335.25775   1.1702648554435704e+27   3.3940381867395246e+18   1.1702648928344318e+27
86974900261.77835   2.9411546017369657e+26   0.0   2.9411546017369657e+26
102353102189.90268   6.017476196675873e+25   0.0   6.017476196675873e+25
120450354025.87787   9.264858762197172e+24   0.0   9.264858762197172e+24
141747416292.68076   9.446536276060653e+23   0.0   9.446536276060653e+23
166810053720.00558   5.068383492066969e+22   0.0   5.068383492066969e+22
196304065004.02686   7.586968202453473e+20   0.0   7.586968202453473e+20
231012970008.3158   2.7486308156982024e+16   0.0   2.7486308156982024e+16
271858824273.294   0.0   0.0   0.0
319926713779.73846   0.0   0.0   0.0
376493580679.2456   0.0   0.0   0.0
443062145758.3887   0.0   0.0   0.0
521400828799.9674   0.0   0.0   0.0
613590727341.3163   0.0   0.0   0.0
722080901838.5457   0.0   0.0   0.0
849753435908.6438   0.0   0.0   0.0
1000000000000.0   0.0   0.0   0.0
