# Neutrino Spectrum / 1/(GeVs) - 2024/07/17 17:36:01
# Magnetar:
#     R = 1e+06 cm
#     B = 1e+15 G
#     o = 1e+04 rad / s
#     chi = 0.95 rad
#     I = 1e+45 g * cm**2
#     mu = 5e+32 erg / G
#     tsd = 3.24e+02 s
#     lum = 1.54e+50 erg / s
#     E = 1.67e+12 GeV
#     spec = 6.94e+39
#     n = 3.09e+21 1 / cm**3
# Time / s (horizontal axis)
1.000000000000000000e+01 1.016265089392994625e+01 1.032794731918951392e+01 1.049593230558227752e+01 1.066664958279539377e+01 1.084014359178330977e+01 1.101645949633656407e+01 1.119564319483878201e+01 1.137774133221491368e+01 1.156280131207375916e+01 1.175087130904807609e+01 1.194200028133531966e+01 1.213623798344240612e+01 1.233363497913775930e+01 1.253424265461400111e+01 1.273811323186478539e+01 1.294529978227915379e+01 1.315585624045704449e+01 1.336983741824946570e+01 1.358729901902709791e+01 1.380829765218092398e+01 1.403289084785872376e+01 1.426113707194128999e+01 1.449309574126216660e+01 1.472882723907502545e+01 1.496839293077255562e+01 1.521185517986104863e+01 1.545927736419477760e+01 1.571072389247450474e+01 1.596626022101425946e+01 1.622595287078087267e+01 1.648986944471064930e+01 1.675807864530768043e+01 1.703065029252844198e+01 1.730765534195725053e+01 1.758916590327732621e+01 1.787525525904235479e+01 1.816599788375327762e+01 1.846146946324547500e+01 1.876174691439120323e+01 1.906690840512251839e+01 1.937703337477988796e+01 1.969220255479172366e+01 2.001249798969037030e+01 2.033800305846980905e+01 2.066880249629081945e+01 2.100498241653915343e+01 2.134663033324244452e+01 2.169383518385184217e+01 2.204668735239408761e+01 2.240527869300018082e+01 2.276970255381679920e+01 2.314005380130652867e+01 2.351642884494348706e+01 2.389892566231050353e+01 2.428764382460450477e+01 2.468268452255692580e+01 2.508415059277539783e+01 2.549214654451423101e+01 2.590677858688008683e+01 2.632815465648021203e+01 2.675638444552045314e+01 2.719157943036017500e+01 2.763385290053169996e+01 2.808331998823172526e+01 2.854009769829238863e+01 2.900430493863991543e+01 2.947606255124857100e+01 2.995549334359813187e+01 3.044272212064302607e+01 3.093787571730138453e+01 3.144108303147264749e+01 3.195247505759212103e+01 3.247218492073128715e+01 3.300034791125285238e+01 3.353710152002930300e+01 3.408258547423452001e+01 3.463694177371732508e+01 3.520031472796679139e+01 3.577285099367873755e+01 3.635469961293319585e+01 3.694601205199302285e+01 3.754694224073336528e+01 3.815764661271248315e+01 3.877828414589457395e+01 3.940901640403449591e+01 4.005000757873611406e+01 4.070142453219438750e+01 4.136343684063273685e+01 4.203621683844713885e+01 4.271993966306779100e+01 4.341478330055092272e+01 4.412092863191190162e+01 4.483855948021186322e+01 4.556786265841063965e+01 4.630902801799739166e+01 4.706224849841281355e+01 4.782772017727485547e+01 4.860564232142133534e+01 4.939621743878320359e+01 5.019965133110081723e+01 5.101615314749833630e+01 5.184593543892913203e+01 5.268921421350671608e+01 5.354620899273607648e+01 5.441714286865889960e+01 5.530224256192899901e+01 5.620173848083187806e+01 5.711586478126432098e+01 5.804485942768977935e+01 5.898896425508496577e+01 5.994842503189408944e+01 6.092349152400711887e+01 6.191441755977844252e+01 6.292146109610344240e+01 6.394488428556942949e+01 6.498495354469888241e+01 6.604193962330305112e+01 6.711611767496283676e+01 6.820776732865685688e+01 6.931717276155407603e+01 7.044462277299037112e+01 7.159041085964888396e+01 7.275483529196229426e+01 7.393819919175865607e+01 7.514081061116969806e+01 7.636298261282242095e+01 7.760503335133570602e+01 7.886728615614151749e+01 8.015006961565404708e+01 8.145371766280744907e+01 8.277856966198471866e+01 8.412497049736118981e+01 8.549327066268379838e+01 8.688382635251184638e+01 8.829699955494092478e+01 8.973315814583520478e+01 9.119267598459298085e+01 9.267593301146878559e+01 9.418331534647951742e+01 9.571521538991865441e+01 9.727203192450537017e+01 9.885417021919573699e+01 1.004620421346813117e+02 1.020960662306046487e+02 1.037566678745185982e+02 1.054442793526168458e+02 1.071593399822671131e+02 1.089022962263730534e+02 1.106736018095973435e+02 1.124737178364751884e+02 1.143031129114478688e+02 1.161622632608501817e+02 1.180516528568805512e+02 1.199717735435884265e+02 1.219231251649110703e+02 1.239062156947915696e+02 1.259215613694150875e+02 1.279696868215941663e+02 1.300511252173409957e+02 1.321664183946605249e+02 1.343161170046015229e+02 1.365007806546013853e+02 1.387209780541620887e+02 1.409772871628967721e+02 1.432702953409830968e+02 1.456005995020648527e+02 1.479688062686396393e+02 1.503755321299738341e+02 1.528214036025870826e+02 1.553070573933460139e+02 1.578331405652116359e+02 1.604003107056819886e+02 1.630092360979741102e+02 1.656605958949915305e+02 1.683550802961202351e+02 1.710933907269013332e+02 1.738762400216250512e+02 1.767043526088946521e+02 1.795784647002096790e+02 1.824993244816152469e+02 1.854676923084697648e+02 1.884843409033795467e+02 1.915500555573527777e+02 1.946656343342263256e+02 1.978318882784164430e+02 2.010496416260496915e+02 2.043197320195270379e+02 2.076430107255774828e+02 2.110203428568596564e+02 2.144526075971667467e+02 2.179406984302953560e+02 2.214855233726359245e+02 2.250880052095461679e+02 2.287490817355703996e+02 2.324697059985647911e+02 2.362508465477945094e+02 2.400934876860651741e+02 2.439986297259550270e+02 2.479672892502159982e+02 2.520004993764092092e+02 2.560993100258456820e+02 2.602647881969004402e+02 2.644980182427719910e+02 2.688001021537607471e+02 2.731721598441376386e+02 2.776153294436797978e+02 2.821307675939470982e+02 2.867196497493769698e+02 2.913831704832788887e+02 2.961225437988034628e+02 3.009390034449721156e+02 3.058338032378431421e+02 3.108082173869063922e+02 3.158635408267819003e+02 3.210010895543171614e+02 3.262222009711670125e+02 3.315282342319423492e+02 3.369205705980266998e+02 3.424006137971425687e+02 3.479697903887691268e+02 3.536295501355043029e+02 3.593813663804625662e+02 3.652267364308175388e+02 3.711671819475766938e+02 3.772042493416997218e+02 3.833395101766601556e+02 3.895745615775501278e+02 3.959110266468458690e+02 4.023505548869293307e+02 4.088948226294864412e+02 4.155455334718875520e+02 4.223044187206672291e+02 4.291732378422157694e+02 4.361537789208005620e+02 4.432478591240400760e+02 4.504573251759458685e+02 4.577840538376616450e+02 4.652299523960189163e+02 4.727969591600390800e+02 4.804870439655134078e+02 4.883022086877879815e+02 4.962444877628913673e+02 5.043159487171358819e+02 5.125186927053332511e+02 5.208548550577665992e+02 5.293266058360561601e+02 5.379361503980697989e+02 5.466857299720180663e+02 5.555776222398877735e+02 5.646141419303672819e+02 5.737976414214133456e+02 5.831305113526218520e+02 5.926151812475552560e+02 6.022541201461928040e+02 6.120498372476703253e+02 6.220048825634711420e+02 6.321218475812448787e+02 6.424033659394191318e+02 6.528521141127847613e+02 6.634708121092351121e+02 6.742622241778342413e+02 6.852291595284057166e+02 6.963744730628221760e+02 7.077010661181889191e+02 7.192118872221193442e+02 7.309099328602910646e+02 7.427982482564910924e+02 7.548799281653431308e+02 7.671581176779302496e+02 7.796360130405237214e+02 7.923168624866253822e+02 8.052039670825470239e+02 8.183006815867389605e+02 8.316104153230961629e+02 8.451366330684721788e+02 8.588828559546249153e+02 8.728526623848371173e+02 8.870496889654402821e+02 9.014776314524917780e+02 9.161402457138520958e+02 9.310413487069075700e+02 9.461848194721992513e+02 9.615746001432095227e+02 9.772146969725724830e+02 9.931091813749800394e+02 1.009262190987047347e+03 1.025677930744421928e+03 1.042360673976401131e+03 1.059314763518370000e+03 1.076544612842315928e+03 1.094054707205742488e+03 1.111849604819271008e+03 1.129933938033221693e+03 1.148312414543511068e+03 1.166989818617147421e+03 1.185971012337669436e+03 1.205260936870842670e+03 1.224864613750930630e+03 1.244787146187906046e+03 1.265033720395903856e+03 1.285609606943295148e+03 1.306520162124721310e+03 1.327770829355428987e+03 1.349367140588306484e+03 1.371314717753945615e+03 1.393619274224142146e+03 1.416286616299198840e+03 1.439322644719406526e+03 1.462733356201129936e+03 1.486524844997857144e+03 1.510703304486654133e+03 1.535275028780422645e+03 1.560246414366369663e+03 1.585623961771137147e+03 1.611414277253019918e+03 1.637624074521687362e+03 1.664260176485903685e+03 1.691329517029648741e+03 1.718839142817145557e+03 1.746796215127245659e+03 1.775208011717634236e+03 1.804081928719382859e+03 1.833425482562290654e+03 1.863246311931559831e+03 1.893552179756295118e+03 1.924350975230330278e+03 1.955650715865948996e+03 1.987459549580983776e+03 2.019785756819878316e+03 2.052637752709252254e+03 2.086024089248502605e+03 2.119953457536071255e+03 2.154434690031884656e+03 2.189476762856620553e+03 2.225088798128369490e+03 2.261280066337277276e+03 2.298059988758850977e+03 2.335438139906479137e+03 2.373424250023866080e+03 2.412028207618006945e+03 2.451260062033337363e+03 2.491130026067788549e+03 2.531648478631355374e+03 2.572825967447932271e+03 2.614673211801092293e+03 2.657201105324504169e+03 2.700420718837772711e+03 2.744343303228365585e+03 2.788980292380439550e+03 2.834343306151309207e+03 2.880444153396297679e+03 2.927294835042815976e+03 2.974907547214440456e+03 3.023294684405776479e+03 3.072468842709003638e+03 3.122442823092857907e+03 3.173229634734976116e+03 3.224842498408442225e+03 3.277294849923382117e+03 3.330600343624588731e+03 3.384772855945982883e+03 3.439826489022924761e+03 3.495775574363275155e+03 3.552634676578139533e+03 3.610418597173337275e+03 3.669142378402494160e+03 3.728821307182833607e+03 3.789470919074667563e+03 3.851107002325568828e+03 3.913745601980383981e+03 3.977403024058036863e+03 4.042095839796305881e+03 4.107840889965646966e+03 4.174655289253134470e+03 4.242556430717777403e+03 4.311561990318228709e+03 4.381689931514189993e+03 4.452958509942655837e+03 4.525386278170166406e+03 4.598992090522438048e+03 4.673795107992463272e+03 4.749814803228499841e+03 4.827070965603183140e+03 4.905583706365045146e+03 4.985373463873893343e+03 5.066461008921268331e+03 5.148867450137492597e+03 5.232614239486661972e+03 5.317723177850972206e+03 5.404216420705914970e+03 5.492116483887789400e+03 5.581446249454960707e+03 5.672228971644543890e+03 5.764488282925879503e+03 5.858248200152535901e+03 5.953533130814370452e+03 6.050367879391218594e+03 6.148777653810023367e+03 6.248788072006894254e+03 6.350425168595961622e+03 6.453715401646702048e+03 6.558685659571428914e+03 6.665363268124913702e+03 6.773775997517751421e+03 6.883952069645496522e+03 6.995920165435374656e+03 7.109709432312431090e+03 7.225349491787213992e+03 7.342870447166765189e+03 7.462302891391107551e+03 7.583677914997190783e+03 7.707027114212295601e+03 7.832382599179196404e+03 7.959777002314986021e+03 8.089243486805938119e+03 8.220815755240540966e+03 8.354528058382862582e+03 8.490415204088747487e+03 8.628512566366895044e+03 8.768856094587426924e+03 8.911482322840201959e+03 9.056428379445294922e+03 9.203731996618220364e+03 9.353431520292386267e+03 9.505565920101191296e+03 9.660174799522645117e+03 9.817298406188840090e+03 9.976977642363201085e+03 1.013925407558814368e+04 1.030416994950587468e+04 1.047176819485520355e+04 1.064209244064724589e+04 1.081518702552289142e+04 1.099109700929496103e+04 1.116986818467822559e+04 1.135154708920999110e+04 1.153618101736478457e+04 1.172381803286599825e+04 1.191450698119774825e+04 1.210829750232039441e+04 1.230524004359261562e+04 1.250538587290391297e+04 1.270878709202059508e+04 1.291549665014882703e+04 1.312556835771842816e+04 1.333905690039058754e+04 1.355601785329368977e+04 1.377650769549054894e+04 1.400058382468096170e+04 1.422830457214351918e+04 1.445972921792019588e+04 1.469491800624817188e+04 1.493393216124253377e+04 1.517683390283403787e+04 1.542368646296627412e+04 1.567455410205595035e+04 1.592950212572123019e+04 1.618859690178199162e+04 1.645190587753660657e+04 1.671949759731991799e+04 1.699144172034625808e+04 1.726780903884355939e+04 1.754867149648152190e+04 1.783410220710006251e+04 1.812417547374239439e+04 1.841896680799710884e+04 1.871855294965579378e+04 1.902301188668945906e+04 1.933242287555043367e+04 1.964686646180448588e+04 1.996642450109793208e+04 2.029118018046678117e+04 2.062121803999144686e+04 2.095662399480430759e+04 2.129748535745523259e+04 2.164389086064020375e+04 2.199593068030074937e+04 2.235369645909796600e+04 2.271728133026902651e+04 2.308677994187172226e+04 2.346228848142262359e+04 2.384390470093720432e+04 2.423172794237600829e+04 2.462585916350543994e+04 2.502640096417921814e+04 2.543345761304648113e+04 2.584713507469563774e+04 2.626754103723838489e+04 2.669478494034317919e+04 2.712897800372470010e+04 2.757023325609582753e+04 2.801866556459195272e+04 2.847439166467247924e+04 2.893753019050947478e+04 2.940820170587066605e+04 2.988652873550382719e+04 3.037263579703311552e+04 3.086664943337274599e+04 3.136869824566873285e+04 3.187891292677649108e+04 3.239742629528195539e+04 3.292437333007768757e+04 3.345989120549974905e+04 3.400411932703702769e+04 3.455719936762142606e+04 3.511927530450727500e+04 3.569049345675229415e+04 3.627100252330648073e+04 3.686095362172154273e+04 3.746050032748997182e+04 3.806979871402284334e+04 3.868900739327975316e+04 3.931828755705770163e+04 3.995780301895265438e+04 4.060772025700369704e+04 4.126820845702951920e+04 4.193943955667185946e+04 4.262158829015324591e+04 4.331483223376394017e+04 4.401935185208878829e+04 4.473533054498463025e+04 4.546295469532399147e+04 4.620241371751313272e+04 4.695390010680053092e+04 4.771760948938750516e+04 4.849374067335233121e+04 4.928249570040513208e+04 5.008407989848212310e+04 5.089870193519674649e+04 5.172657387216024654e+04 5.256791122018419264e+04 5.342293299538352585e+04 5.429186177618942747e+04 5.517492376129117474e+04 5.607234882852038572e+04 5.698437059469136148e+04 5.791122647641758522e+04 5.885315775191450666e+04 5.981040962380931887e+04 6.078323128297235962e+04 6.177187597338488558e+04 6.277660105806499632e+04 6.379766808606282575e+04 6.483534286054714175e+04 6.588989550799956487e+04 6.696160054853215115e+04 6.805073696735205885e+04 6.915758828738525335e+04 7.028244264308338461e+04 7.142559285543134320e+04 7.258733650817246235e+04 7.376797602527731215e+04 7.496781874966877513e+04 7.618717702322982950e+04 7.742636826811278297e+04 7.868571506936843798e+04 7.996554525892346282e+04 8.126619200091945822e+04 8.258799387844254670e+04 8.393129498166372650e+04 8.529644499741015898e+04 8.668379930019774474e+04 8.809371904473990435e+04 8.952657125996382092e+04 9.098272894455568166e+04 9.246257116405734268e+04 9.396648314954691159e+04 9.549485639791966241e+04 9.704808877380307240e+04 9.862658461312830332e+04 1.002307548283864307e+05 1.018610170155975211e+05 1.035177955630176293e+05 1.052015217616159061e+05 1.069126339173477172e+05 1.086515774652537220e+05 1.104188050854160247e+05 1.122147768207980262e+05 1.140399601970033109e+05 1.158948303439811862e+05 1.177798701197118062e+05 1.196955702359042771e+05 1.216424293857368029e+05 1.236209543736769119e+05 1.256316602474121464e+05 1.276750704319264478e+05 1.297517168657586881e+05 1.318621401394748536e+05 1.340068896363950626e+05 1.361865236756082741e+05 1.384016096573130053e+05 1.406527242105236510e+05 1.429404533431761083e+05 1.452653925946781237e+05 1.476281471909391112e+05 1.500293322019216721e+05 1.524695727017573081e+05 1.549495039314631722e+05 1.574697714643086656e+05 1.600310313738701807e+05 1.626339504048190720e+05 1.652792061464893923e+05 1.679674872092653241e+05 1.706994934038407810e+05 1.734759359233932628e+05 1.762975375287203933e+05 1.791650327363899560e+05 1.820791680099462392e+05 1.850407019542302005e+05 1.880504055128583568e+05 1.911090621689136024e+05 1.942174681489024370e+05 1.973764326300255489e+05 2.005867779508233943e+05 2.038493398252464249e+05 2.071649675602066854e+05 2.105345242766703886e+05 2.139588871343421633e+05 2.174389475600080041e+05 2.209756114795903268e+05 2.245697995539771800e+05 2.282224474186896114e+05 2.319345059274427476e+05 2.357069413996727671e+05 2.395407358720879420e+05 2.434368873543113004e+05 2.473964100886811502e+05 2.514203348142796603e+05 2.555097090352507075e+05 2.596655972934872552e+05 2.638890814457513043e+05 2.681812609453012701e+05 2.725432531281028059e+05 2.769761935036890791e+05 2.814812360507581034e+05 2.860595535175745026e+05 2.907123377272575162e+05 2.954407998880379600e+05 3.002461709085549228e+05 3.051297017182870768e+05 3.100926635931929923e+05 3.151363484866475919e+05 3.202620693657650263e+05 3.254711605531848036e+05 3.307649780744242598e+05 3.361449000108768814e+05 3.416123268585525220e+05 3.471686818926559645e+05 3.528154115380882868e+05 3.585539857459816849e+05 3.643858983763548313e+05 3.703126675869923201e+05 3.763358362286532647e+05 3.824569722466999083e+05 3.886776690892667975e+05 3.949995461220646976e+05 4.014242490499317646e+05 4.079534503452448989e+05 4.145888496832911042e+05 4.213321743847288890e+05 4.281851798652415746e+05 4.351496500925045111e+05 4.422273980505897198e+05 4.494202662119141896e+05 4.567301270168746705e+05 4.641588833612782182e+05 4.717084690917012631e+05 4.793808495089106727e+05 4.871780218794631073e+05 4.951020159556351136e+05 5.031548945038056700e+05 5.113387538414321025e+05 5.196557243827657658e+05 5.281079711934330408e+05 5.366976945540476590e+05 5.454271305329835741e+05 5.542985515684663551e+05 5.633142670601351419e+05 5.724766239702178864e+05 5.817880074344935128e+05 5.912508413831881480e+05 6.008675891719680512e+05 6.106407542232036358e+05 6.205728806776501006e+05 6.306665540567405988e+05 6.409244019356457284e+05 6.513490946272795554e+05 6.619433458774387836e+05 6.727099135712336283e+05 6.836516004510239000e+05 6.947712548460239777e+05 7.060717714137765579e+05 7.175560918936921516e+05 7.292272058728312841e+05 7.410881515641569858e+05 7.531420165974375559e+05 7.653919388230155455e+05 7.778411071286482038e+05 7.904927622696420876e+05 8.033501977124734549e+05 8.164167604921471793e+05 8.296958520834915107e+05 8.431909292866251199e+05 8.569055051268347306e+05 8.708431497690724209e+05 8.850074914473438403e+05 8.994022174092053901e+05 9.140310748756222893e+05 9.288978720164498081e+05 9.440064789417603752e+05 9.593608287093146937e+05 9.749649183484095847e+05 9.908228099003786920e+05 1.006938631476027076e+06 1.023316578330244869e+06 1.039960913954120362e+06 1.056875971184805036e+06 1.074066153333432274e+06 1.091535935331391171e+06 1.109289864895222709e+06 1.127332563710487215e+06 1.145668728634872707e+06 1.164303132920875680e+06 1.183240627458377974e+06 1.202486142037412152e+06 1.222044686631488614e+06 1.241921352701784577e+06 1.262121314522546018e+06 1.282649830528059974e+06 1.303512244681508979e+06 1.324713987866117386e+06 1.346260579298910918e+06 1.368157627967470558e+06 1.390410834090069635e+06 1.413025990599533543e+06 1.436008984651260544e+06 1.459365799155757762e+06 1.483102514336102875e+06 1.507225309310755460e+06 1.531740463702079840e+06 1.556654359271062072e+06 1.581973481578601524e+06 1.607704421673821984e+06 1.633853877809860278e+06 1.660428657187529607e+06 1.687435677727375645e+06 1.714881969870540779e+06 1.742774678408917272e+06 1.771121064345086925e+06 1.799928506782476557e+06 1.829204504846293712e+06 1.858956679635688197e+06 1.889192776207664283e+06 1.919920665593282785e+06 1.951148346846616361e+06 1.982883949127071304e+06 2.015135733815558488e+06 2.047912096665083431e+06 2.081221569986337097e+06 2.115072824868794531e+06 2.149474673437980469e+06 2.184436071149428375e+06 2.219966119119952433e+06 2.256074066496859305e+06 2.292769312865648884e+06 2.330061410696924664e+06 2.367960067833078559e+06 2.406475150015421677e+06 2.445616683452444151e+06 2.485394857429798692e+06 2.525820026962784585e+06 2.566902715491951909e+06 2.608653617622550577e+06 2.651083601908536162e+06 2.694203713681882247e+06 2.738025177927857731e+06 2.782559402207125910e+06 2.827817979625343811e+06 2.873812691851063631e+06 2.920555512182745151e+06 2.968058608665602282e+06 3.016334347259197384e+06 3.065395295056529809e+06 3.115254223555484787e+06 3.165924111983520444e+06 3.217418150676371530e+06 3.269749744511767756e+06 3.322932516398975160e+06 3.376980310825088061e+06 3.431907197459042538e+06 3.487727474814177491e+06 3.544455673970435746e+06 3.602106562357073650e+06 3.660695147596898489e+06 3.720236681413066108e+06 3.780746663599349093e+06 3.842240846055061091e+06 3.904735236885563936e+06 3.968246104569477960e+06 4.032789982193705160e+06 4.098383671757261269e+06 4.165044248545185197e+06 4.232789065573552623e+06 4.301635758106790483e+06 4.371602248248502612e+06 4.442706749606883153e+06 4.514967772036101669e+06 4.588404126454761252e+06 4.663034929742726497e+06 4.738879609717651270e+06 4.815957910192350857e+06 4.894289896114531904e+06 4.973895958790067583e+06 5.054796821191235445e+06 5.137013543351339176e+06 5.220567527846975252e+06 5.305480525369574316e+06 5.391774640387505293e+06 5.479472336900281720e+06 5.568596444286408834e+06 5.659170163246242329e+06 5.751217071841613390e+06 5.844761131633637473e+06 5.939826693920350634e+06 6.036438506075863726e+06 6.134621717992505990e+06 6.234401888627863489e+06 6.335804992658253759e+06 6.438857427240412682e+06 6.543586018883229233e+06 6.650018030431118794e+06 6.758181168161110021e+06 6.868103588995307684e+06 6.979813907830652781e+06 7.093341204987989739e+06 7.208715033782135695e+06 7.325965428215229884e+06 7.445122910795142874e+06 7.566218500481047668e+06 7.689283720758305863e+06 7.814350607844541781e+06 7.941451719029339962e+06 8.070620141149506904e+06 8.201889499202211387e+06 8.335293965098187327e+06 8.470868266557402909e+06 8.608647696149244905e+06 8.748668120479913428e+06 8.890965989529166371e+06 9.035578346138920635e+06 9.182542835656281561e+06 9.331897715733239427e+06 9.483681866285927594e+06 9.637934799615794793e+06 9.794696670695384964e+06 9.954008287621518597e+06 1.011591112223829702e+07 1.028044732093309797e+07 1.044765971560805291e+07 1.061759183482998982e+07 1.079028791516183689e+07 1.096579291267809831e+07 1.114415251466788165e+07 1.132541315152812563e+07 1.150962200885031186e+07 1.169682703970384598e+07 1.188707697711903229e+07 1.208042134677328914e+07 1.227691047988360375e+07 1.247659552630868554e+07 1.267952846786434017e+07 1.288576213185518049e+07 1.309535020482667722e+07 1.330834724654076062e+07 1.352480870417873934e+07 1.374479092677536607e+07 1.396835117988739721e+07 1.419554766050101630e+07 1.442643951218158752e+07 1.466108684046982974e+07 1.489955072852853686e+07 1.514189325304351933e+07 1.538817750038346462e+07 1.563846758302247711e+07 1.589282865622976422e+07 1.615132693503089622e+07 1.641402971144466475e+07 1.668100537200059183e+07 1.695232341554121301e+07 1.722805447131392360e+07 1.750827031735723466e+07 1.779304389918577299e+07 1.808244934877951816e+07 1.837656200388172269e+07 1.867545842761074007e+07 1.897921642839099467e+07 1.928791508020777628e+07 1.960163474319185689e+07 1.992045708453871310e+07 2.024446509976801649e+07 2.057374313432911411e+07 2.090837690555749834e+07 2.124845352498883009e+07 2.159406152103567496e+07 2.194529086203311384e+07 2.230223297965936363e+07 2.266498079273692891e+07 2.303362873142131418e+07 2.340827276178294420e+07 2.378901041078890860e+07 2.417594079169128463e+07 2.456916462982790172e+07 2.496878428884326667e+07 2.537490379733571783e+07 2.578762887593803555e+07 2.620706696483849734e+07 2.663332725174980611e+07 2.706652070033241436e+07 2.750676007908067480e+07 2.795415999067859352e+07 2.840883690183301270e+07 2.887090917359234765e+07 2.934049709215787053e+07 2.981772290019673482e+07 3.030271082866399363e+07 3.079558712914223224e+07 3.129648010670750588e+07 3.180552015332919732e+07 3.232283978181380779e+07 3.284857366030047089e+07 3.338285864731757715e+07 3.392583382740991563e+07 3.447764054734463990e+07 3.503842245290675759e+07 3.560832552629281580e+07 3.618749812411276996e+07 3.677609101601030678e+07 3.737425742391064018e+07 3.798215306190736592e+07 3.859993617679771036e+07 3.922776758927715570e+07 3.986581073580438644e+07 4.051423171114647388e+07 4.117319931161679327e+07 4.184288507901584357e+07 4.252346334528677911e+07 4.321511127789761871e+07 4.391800892596086115e+07 4.463233926710397005e+07 4.535828825510191172e+07 4.609604486828429252e+07 4.684580115873045474e+07 4.760775230226368457e+07 4.838209664925957471e+07 4.916903577628031373e+07 4.996877453854878992e+07 5.078152112327670306e+07 5.160748710385907441e+07 5.244688749495118856e+07 5.329994080844093114e+07 5.416686911033146828e+07 5.504789807854967564e+07 5.594325706169377267e+07 5.685317913873753697e+07 5.777790117970506847e+07 5.871766390733249485e+07 5.967271195973310620e+07 6.064329395408061892e+07 6.162966255132941902e+07 6.263207452198692411e+07 6.365079081295564771e+07 6.468607661546320468e+07 6.573820143409585208e+07 6.680743915695614368e+07 6.789406812696112692e+07 6.899837121430011094e+07 7.012063589007176459e+07 7.126115430111745000e+07 7.242022334607315063e+07 7.359814475265771151e+07 7.479522515621814132e+07 7.601177617955322564e+07 7.724811451403400302e+07 7.850456200204509497e+07 7.978144572076629102e+07 8.107909806731678545e+07 8.239785684528511763e+07 8.373806535266488791e+07 8.510007247122246027e+07 8.648423275731725991e+07 8.789090653419964015e+07 8.932045998580959439e+07 9.077326525210224092e+07 9.224970052592174709e+07 9.375015015145289898e+07 9.527500472427299619e+07 9.682466119303114712e+07 9.839952296278226376e+07 1.000000000000000000e+08 
# Energy / GeV (vertical axis)
1.000000000000000000e+05 1.016265089392995142e+05 1.032794731918952457e+05 1.049593230558226642e+05 1.066664958279538841e+05 1.084014359178330924e+05 1.101645949633656855e+05 1.119564319483879372e+05 1.137774133221490192e+05 1.156280131207375380e+05 1.175087130904807564e+05 1.194200028133532469e+05 1.213623798344241804e+05 1.233363497913774772e+05 1.253424265461399482e+05 1.273811323186478548e+05 1.294529978227915999e+05 1.315585624045705190e+05 1.336983741824945319e+05 1.358729901902709098e+05 1.380829765218092361e+05 1.403289084785873129e+05 1.426113707194129820e+05 1.449309574126215011e+05 1.472882723907501786e+05 1.496839293077255425e+05 1.521185517986104824e+05 1.545927736419478606e+05 1.571072389247448882e+05 1.596626022101425042e+05 1.622595287078086985e+05 1.648986944471064780e+05 1.675807864530768711e+05 1.703065029252842651e+05 1.730765534195724176e+05 1.758916590327732556e+05 1.787525525904235546e+05 1.816599788375328644e+05 1.846146946324545715e+05 1.876174691439119633e+05 1.906690840512251889e+05 1.937703337477988971e+05 1.969220255479173502e+05 2.001249798969035037e+05 2.033800305846979900e+05 2.066880249629082100e+05 2.100498241653915320e+05 2.134663033324245480e+05 2.169383518385182251e+05 2.204668735239407688e+05 2.240527869300018065e+05 2.276970255381680035e+05 2.314005380130654084e+05 2.351642884494350874e+05 2.389892566231047676e+05 2.428764382460450579e+05 2.468268452255692391e+05 2.508415059277541295e+05 2.549214654451425595e+05 2.590677858688006236e+05 2.632815465648020036e+05 2.675638444552045548e+05 2.719157943036018987e+05 2.763385290053172503e+05 2.808331998823169852e+05 2.854009769829237484e+05 2.900430493863991578e+05 2.947606255124858581e+05 2.995549334359816276e+05 3.044272212064299383e+05 3.093787571730136988e+05 3.144108303147265106e+05 3.195247505759213818e+05 3.247218492073132074e+05 3.300034791125282063e+05 3.353710152002928662e+05 3.408258547423451673e+05 3.463694177371734404e+05 3.520031472796682501e+05 3.577285099367869552e+05 3.635469961293317610e+05 3.694601205199302640e+05 3.754694224073336809e+05 3.815764661271252553e+05 3.877828414589453605e+05 3.940901640403447673e+05 4.005000757873611292e+05 4.070142453219438903e+05 4.136343684063277906e+05 4.203621683844717918e+05 4.271993966306776856e+05 4.341478330055092229e+05 4.412092863191189826e+05 4.483855948021190707e+05 4.556786265841068816e+05 4.630902801799736917e+05 4.706224849841281539e+05 4.782772017727485509e+05 4.860564232142138644e+05 4.939621743878325797e+05 5.019965133110079332e+05 5.101615314749833778e+05 5.184593543892913149e+05 5.268921421350677265e+05 5.354620899273613468e+05 5.441714286865887698e+05 5.530224256192899775e+05 5.620173848083188059e+05 5.711586478126434376e+05 5.804485942768984241e+05 5.898896425508493558e+05 5.994842503189408453e+05 6.092349152400711318e+05 6.191441755977848079e+05 6.292146109610350104e+05 6.394488428556936560e+05 6.498495354469888844e+05 6.604193962330304785e+05 6.711611767496286193e+05 6.820776732865691883e+05 6.931717276155400323e+05 7.044462277299036505e+05 7.159041085964888334e+05 7.275483529196232557e+05 7.393819919175873511e+05 7.514081061116962228e+05 7.636298261282241438e+05 7.760503335133570945e+05 7.886728615614156006e+05 8.015006961565413512e+05 8.145371766280736774e+05 8.277856966198472073e+05 8.412497049736118643e+05 8.549327066268384224e+05 8.688382635251192842e+05 8.829699955494082533e+05 8.973315814583519241e+05 9.119267598459298024e+05 9.267593301146883750e+05 9.418331534647960216e+05 9.571521538991855923e+05 9.727203192450536881e+05 9.885417021919573890e+05 1.004620421346813207e+06 1.020960662306047510e+06 1.037566678745184909e+06 1.054442793526168447e+06 1.071593399822671199e+06 1.089022962263730587e+06 1.106736018095974578e+06 1.124737178364750696e+06 1.143031129114478594e+06 1.161622632608501939e+06 1.180516528568805661e+06 1.199717735435885610e+06 1.219231251649109414e+06 1.239062156947915675e+06 1.259215613694150932e+06 1.279696868215941591e+06 1.300511252173409797e+06 1.321664183946603676e+06 1.343161170046015410e+06 1.365007806546013802e+06 1.387209780541620916e+06 1.409772871628967579e+06 1.432702953409829410e+06 1.456005995020648465e+06 1.479688062686396297e+06 1.503755321299738484e+06 1.528214036025870824e+06 1.553070573933458421e+06 1.578331405652116518e+06 1.604003107056819834e+06 1.630092360979741206e+06 1.656605958949915133e+06 1.683550802961200709e+06 1.710933907269013347e+06 1.738762400216250448e+06 1.767043526088946732e+06 1.795784647002096754e+06 1.824993244816150516e+06 1.854676923084697453e+06 1.884843409033795353e+06 1.915500555573527934e+06 1.946656343342263252e+06 1.978318882784162182e+06 2.010496416260496946e+06 2.043197320195270469e+06 2.076430107255774783e+06 2.110203428568596486e+06 2.144526075971665327e+06 2.179406984302953817e+06 2.214855233726359438e+06 2.250880052095461637e+06 2.287490817355704028e+06 2.324697059985645581e+06 2.362508465477945283e+06 2.400934876860651653e+06 2.439986297259550076e+06 2.479672892502160277e+06 2.520004993764089420e+06 2.560993100258456543e+06 2.602647881969004404e+06 2.644980182427719701e+06 2.688001021537607536e+06 2.731721598441373557e+06 2.776153294436797965e+06 2.821307675939470530e+06 2.867196497493769974e+06 2.913831704832788557e+06 2.961225437988031656e+06 3.009390034449724481e+06 3.058338032378431875e+06 3.108082173869064078e+06 3.158635408267818857e+06 3.210010895543168299e+06 3.262222009711673018e+06 3.315282342319423333e+06 3.369205705980266910e+06 3.424006137971425429e+06 3.479697903887688182e+06 3.536295501355046406e+06 3.593813663804625627e+06 3.652267364308175631e+06 3.711671819475766737e+06 3.772042493416993413e+06 3.833395101766605396e+06 3.895745615775500890e+06 3.959110266468458809e+06 4.023505548869293183e+06 4.088948226294864435e+06 4.155455334718879312e+06 4.223044187206672505e+06 4.291732378422157839e+06 4.361537789208006114e+06 4.432478591240400448e+06 4.504573251759462990e+06 4.577840538376616314e+06 4.652299523960188963e+06 4.727969591600391082e+06 4.804870439655134454e+06 4.883022086877885275e+06 4.962444877628913149e+06 5.043159487171358429e+06 5.125186927053332329e+06 5.208548550577665679e+06 5.293266058360566385e+06 5.379361503980698064e+06 5.466857299720181152e+06 5.555776222398878075e+06 5.646141419303672388e+06 5.737976414214139804e+06 5.831305113526218571e+06 5.926151812475552782e+06 6.022541201461927965e+06 6.120498372476702556e+06 6.220048825634717941e+06 6.321218475812448189e+06 6.424033659394190647e+06 6.528521141127847135e+06 6.634708121092351153e+06 6.742622241778348573e+06 6.852291595284057781e+06 6.963744730628222227e+06 7.077010661181889474e+06 7.192118872221193276e+06 7.309099328602918424e+06 7.427982482564910315e+06 7.548799281653431244e+06 7.671581176779301837e+06 7.796360130405236967e+06 7.923168624866262078e+06 8.052039670825469308e+06 8.183006815867389552e+06 8.316104153230961412e+06 8.451366330684721470e+06 8.588828559546258301e+06 8.728526623848371208e+06 8.870496889654403552e+06 9.014776314524916932e+06 9.161402457138521597e+06 9.310413487069085240e+06 9.461848194721993059e+06 9.615746001432094723e+06 9.772146969725724310e+06 9.931091813749801368e+06 1.009262190987048484e+07 1.025677930744420737e+07 1.042360673976401240e+07 1.059314763518369943e+07 1.076544612842315808e+07 1.094054707205743529e+07 1.111849604819269851e+07 1.129933938033221662e+07 1.148312414543511160e+07 1.166989818617147394e+07 1.185971012337670662e+07 1.205260936870841309e+07 1.224864613750930689e+07 1.244787146187906154e+07 1.265033720395903848e+07 1.285609606943296455e+07 1.306520162124719843e+07 1.327770829355429113e+07 1.349367140588306449e+07 1.371314717753945664e+07 1.393619274224143475e+07 1.416286616299197450e+07 1.439322644719406404e+07 1.462733356201129965e+07 1.486524844997857139e+07 1.510703304486655630e+07 1.535275028780421056e+07 1.560246414366371185e+07 1.585623961771137081e+07 1.611414277253019810e+07 1.637624074521688931e+07 1.664260176485901885e+07 1.691329517029650509e+07 1.718839142817145586e+07 1.746796215127245709e+07 1.775208011717636138e+07 1.804081928719380870e+07 1.833425482562292740e+07 1.863246311931559816e+07 1.893552179756295308e+07 1.924350975230332091e+07 1.955650715865946934e+07 1.987459549580985680e+07 2.019785756819878519e+07 2.052637752709252015e+07 2.086024089248504862e+07 2.119953457536068931e+07 2.154434690031886473e+07 2.189476762856620550e+07 2.225088798128369451e+07 2.261280066337279603e+07 2.298059988758848608e+07 2.335438139906481653e+07 2.373424250023866072e+07 2.412028207618007064e+07 2.451260062033339962e+07 2.491130026067785919e+07 2.531648478631358221e+07 2.572825967447932065e+07 2.614673211801091954e+07 2.657201105324506760e+07 2.700420718837770075e+07 2.744343303228368238e+07 2.788980292380439490e+07 2.834343306151309237e+07 2.880444153396297991e+07 2.927294835042813048e+07 2.974907547214443609e+07 3.023294684405776486e+07 3.072468842709003389e+07 3.122442823092857748e+07 3.173229634734972939e+07 3.224842498408445343e+07 3.277294849923381954e+07 3.330600343624588475e+07 3.384772855945982784e+07 3.439826489022921026e+07 3.495775574363278598e+07 3.552634676578139514e+07 3.610418597173337638e+07 3.669142378402493894e+07 3.728821307182829827e+07 3.789470919074671715e+07 3.851107002325569093e+07 3.913745601980383694e+07 3.977403024058036506e+07 4.042095839796301723e+07 4.107840889965651184e+07 4.174655289253135026e+07 4.242556430717777461e+07 4.311561990318228304e+07 4.381689931514185667e+07 4.452958509942659736e+07 4.525386278170166910e+07 4.598992090522438288e+07 4.673795107992463559e+07 4.749814803228494525e+07 4.827070965603188425e+07 4.905583706365045160e+07 4.985373463873893768e+07 5.066461008921268582e+07 5.148867450137487054e+07 5.232614239486667514e+07 5.317723177850966901e+07 5.404216420705915242e+07 5.492116483887789398e+07 5.581446249454955012e+07 5.672228971644549072e+07 5.764488282925873250e+07 5.858248200152535737e+07 5.953533130814369768e+07 6.050367879391212016e+07 6.148777653810029477e+07 6.248788072006887943e+07 6.350425168595962226e+07 6.453715401646701992e+07 6.558685659571421891e+07 6.665363268124920130e+07 6.773775997517745197e+07 6.883952069645495713e+07 6.995920165435373783e+07 7.109709432312424481e+07 7.225349491787222028e+07 7.342870447166757286e+07 7.462302891391107440e+07 7.583677914997190237e+07 7.707027114212287962e+07 7.832382599179203808e+07 7.959777002314977348e+07 8.089243486805938184e+07 8.220815755240540206e+07 8.354528058382853866e+07 8.490415204088754952e+07 8.628512566366887093e+07 8.768856094587425888e+07 8.911482322840201855e+07 9.056428379445293546e+07 9.203731996618230641e+07 9.353431520292377472e+07 9.505565920101191103e+07 9.660174799522645772e+07 9.817298406188841164e+07 9.976977642363211513e+07 1.013925407558814287e+08 1.030416994950585365e+08 1.047176819485520273e+08 1.064209244064726830e+08 1.081518702552289218e+08 1.099109700929496139e+08 1.116986818467824906e+08 1.135154708920999020e+08 1.153618101736476123e+08 1.172381803286599815e+08 1.191450698119774759e+08 1.210829750232037008e+08 1.230524004359261543e+08 1.250538587290393859e+08 1.270878709202059507e+08 1.291549665014882684e+08 1.312556835771845430e+08 1.333905690039058626e+08 1.355601785329366028e+08 1.377650769549055099e+08 1.400058382468096018e+08 1.422830457214348912e+08 1.445972921792019606e+08 1.469491800624820292e+08 1.493393216124253273e+08 1.517683390283403695e+08 1.542368646296630502e+08 1.567455410205594897e+08 1.592950212572119832e+08 1.618859690178199112e+08 1.645190587753660679e+08 1.671949759731991887e+08 1.699144172034626007e+08 1.726780903884359598e+08 1.754867149648151994e+08 1.783410220710006356e+08 1.812417547374239564e+08 1.841896680799710751e+08 1.871855294965575337e+08 1.902301188668945730e+08 1.933242287555043101e+08 1.964686646180448532e+08 1.996642450109793246e+08 2.029118018046682179e+08 2.062121803999144435e+08 2.095662399480430782e+08 2.129748535745523274e+08 2.164389086064020395e+08 2.199593068030070364e+08 2.235369645909796655e+08 2.271728133026902676e+08 2.308677994187172055e+08 2.346228848142262399e+08 2.384390470093725324e+08 2.423172794237600565e+08 2.462585916350544095e+08 2.502640096417921782e+08 2.543345761304648221e+08 2.584713507469558418e+08 2.626754103723838329e+08 2.669478494034318030e+08 2.712897800372470021e+08 2.757023325609582663e+08 2.801866556459200978e+08 2.847439166467247605e+08 2.893753019050947428e+08 2.940820170587067008e+08 2.988652873550382853e+08 3.037263579703305364e+08 3.086664943337274194e+08 3.136869824566873312e+08 3.187891292677649260e+08 3.239742629528195262e+08 3.292437333007775545e+08 3.345989120549975038e+08 3.400411932703702450e+08 3.455719936762142777e+08 3.511927530450727940e+08 3.569049345675222278e+08 3.627100252330648303e+08 3.686095362172154188e+08 3.746050032748996615e+08 3.806979871402283907e+08 3.868900739327983260e+08 3.931828755705770254e+08 3.995780301895265579e+08 4.060772025700369477e+08 4.126820845702951550e+08 4.193943955667177439e+08 4.262158829015324712e+08 4.331483223376393914e+08 4.401935185208879113e+08 4.473533054498463273e+08 4.546295469532408714e+08 4.620241371751313210e+08 4.695390010680053234e+08 4.771760948938750625e+08 4.849374067335233092e+08 4.928249570040503144e+08 5.008407989848212600e+08 5.089870193519674540e+08 5.172657387216024399e+08 5.256791122018418908e+08 5.342293299538363218e+08 5.429186177618942261e+08 5.517492376129117012e+08 5.607234882852038145e+08 5.698437059469136000e+08 5.791122647641746998e+08 5.885315775191450119e+08 5.981040962380931377e+08 6.078323128297235966e+08 6.177187597338488102e+08 6.277660105806512833e+08 6.379766808606282473e+08 6.483534286054713726e+08 6.588989550799956322e+08 6.696160054853215218e+08 6.805073696735192537e+08 6.915758828738524914e+08 7.028244264308338165e+08 7.142559285543134212e+08 7.258733650817245245e+08 7.376797602527745962e+08 7.496781874966876507e+08 7.618717702322983742e+08 7.742636826811277866e+08 7.868571506936843395e+08 7.996554525892330408e+08 8.126619200091944933e+08 8.258799387844254971e+08 8.393129498166372776e+08 8.529644499741016626e+08 8.668379930019791126e+08 8.809371904473991394e+08 8.952657125996382236e+08 9.098272894455567598e+08 9.246257116405733824e+08 9.396648314954671860e+08 9.549485639791966677e+08 9.704808877380326986e+08 9.862658461312830448e+08 1.002307548283864379e+09 1.018610170155977368e+09 1.035177955630176187e+09 1.052015217616156936e+09 1.069126339173477173e+09 1.086515774652537346e+09 1.104188050854157925e+09 1.122147768207980156e+09 1.140399601970035315e+09 1.158948303439811707e+09 1.177798701197118044e+09 1.196955702359045267e+09 1.216424293857367992e+09 1.236209543736766577e+09 1.256316602474121571e+09 1.276750704319264412e+09 1.297517168657584190e+09 1.318621401394748449e+09 1.340068896363953352e+09 1.361865236756082773e+09 1.384016096573130131e+09 1.406527242105239153e+09 1.429404533431761026e+09 1.452653925946778297e+09 1.476281471909390926e+09 1.500293322019216776e+09 1.524695727017569780e+09 1.549495039314631701e+09 1.574697714643090010e+09 1.600310313738701820e+09 1.626339504048190594e+09 1.652792061464897156e+09 1.679674872092653275e+09 1.706994934038404465e+09 1.734759359233932495e+09 1.762975375287204027e+09 1.791650327363895893e+09 1.820791680099462509e+09 1.850407019542305946e+09 1.880504055128583431e+09 1.911090621689136028e+09 1.942174681489028454e+09 1.973764326300255299e+09 2.005867779508229971e+09 2.038493398252464056e+09 2.071649675602066755e+09 2.105345242766699553e+09 2.139588871343421459e+09 2.174389475600084305e+09 2.209756114795903206e+09 2.245697995539771557e+09 2.282224474186901093e+09 2.319345059274427414e+09 2.357069413996723175e+09 2.395407358720879555e+09 2.434368873543118000e+09 2.473964100886806488e+09 2.514203348142796516e+09 2.555097090352512360e+09 2.596655972934872627e+09 2.638890814457507610e+09 2.681812609453018188e+09 2.725432531281027794e+09 2.769761935036885262e+09 2.814812360507581234e+09 2.860595535175750732e+09 2.907123377272569180e+09 2.954407998880379677e+09 3.002461709085555553e+09 3.051297017182870865e+09 3.100926635931923389e+09 3.151363484866482735e+09 3.202620693657649994e+09 3.254711605531841278e+09 3.307649780744242668e+09 3.361449000108775616e+09 3.416123268585517883e+09 3.471686818926559448e+09 3.528154115380890369e+09 3.585539857459816933e+09 3.643858983763540745e+09 3.703126675869930744e+09 3.763358362286532879e+09 3.824569722466991425e+09 3.886776690892667770e+09 3.949995461220654964e+09 4.014242490499309540e+09 4.079534503452448845e+09 4.145888496832919598e+09 4.213321743847289085e+09 4.281851798652406693e+09 4.351496500925054550e+09 4.422273980505896568e+09 4.494202662119132996e+09 4.567301270168746948e+09 4.641588833612792015e+09 4.717084690917002678e+09 4.793808495089106560e+09 4.871780218794640541e+09 4.951020159556351662e+09 5.031548945038045883e+09 5.113387538414331436e+09 5.196557243827657700e+09 5.281079711934320450e+09 5.366976945540475845e+09 5.454271305329847336e+09 5.542985515684652328e+09 5.633142670601351738e+09 5.724766239702190399e+09 5.817880074344935417e+09 5.912508413831869125e+09 6.008675891719693184e+09 6.106407542232036591e+09 6.205728806776487350e+09 6.306665540567405701e+09 6.409244019356470108e+09 6.513490946272782326e+09 6.619433458774388313e+09 6.727099135712350845e+09 6.836516004510238647e+09 6.947712548460226059e+09 7.060717714137780190e+09 7.175560918936921120e+09 7.292272058728298187e+09 7.410881515641570091e+09 7.531420165974390984e+09 7.653919388230155945e+09 7.778411071286481857e+09 7.904927622696436882e+09 8.033501977124734879e+09 8.164167604921455383e+09 8.296958520834915161e+09 8.431909292866250992e+09 8.569055051268329620e+09 8.708431497690723419e+09 8.850074914473457336e+09 8.994022174092052460e+09 9.140310748756223679e+09 9.288978720164516449e+09 9.440064789417602539e+09 9.593608287093126297e+09 9.749649183484096527e+09 9.908228099003787994e+09 1.006938631476025009e+10 1.023316578330244827e+10 1.039960913954122353e+10 1.056875971184805107e+10 1.074066153333432388e+10 1.091535935331393242e+10 1.109289864895222855e+10 1.127332563710484886e+10 1.145668728634872627e+10 1.164303132920875549e+10 1.183240627458375549e+10 1.202486142037412262e+10 1.222044686631491089e+10 1.241921352701784706e+10 1.262121314522546005e+10 1.282649830528062439e+10 1.303512244681508827e+10 1.324713987866114807e+10 1.346260579298911095e+10 1.368157627967470551e+10 1.390410834090066910e+10 1.413025990599533653e+10 1.436008984651263618e+10 1.459365799155757713e+10 1.483102514336102867e+10 1.507225309310758591e+10 1.531740463702079773e+10 1.556654359271058846e+10 1.581973481578601456e+10 1.607704421673822021e+10 1.633853877809856987e+10 1.660428657187529564e+10 1.687435677727379227e+10 1.714881969870540810e+10 1.742774678408917236e+10 1.771121064345090485e+10 1.799928506782476425e+10 1.829204504846290207e+10 1.858956679635688400e+10 1.889192776207664490e+10 1.919920665593278885e+10 1.951148346846616364e+10 1.982883949127075577e+10 2.015135733815558624e+10 2.047912096665083313e+10 2.081221569986341476e+10 2.115072824868794632e+10 2.149474673437976074e+10 2.184436071149428558e+10 2.219966119119952393e+10 2.256074066496854401e+10 2.292769312865648651e+10 2.330061410696929550e+10 2.367960067833078766e+10 2.406475150015421677e+10 2.445616683452449036e+10 2.485394857429798508e+10 2.525820026962779617e+10 2.566902715491951752e+10 2.608653617622555923e+10 2.651083601908530807e+10 2.694203713681882095e+10 2.738025177927863312e+10 2.782559402207125854e+10 2.827817979625338364e+10 2.873812691851069260e+10 2.920555512182744980e+10 2.968058608665596390e+10 3.016334347259197235e+10 3.065395295056536102e+10 3.115254223555478287e+10 3.165924111983520508e+10 3.217418150676378250e+10 3.269749744511767960e+10 3.322932516398968124e+10 3.376980310825094986e+10 3.431907197459042740e+10 3.487727474814170074e+10 3.544455673970435333e+10 3.602106562357080841e+10 3.660695147596891022e+10 3.720236681413066101e+10 3.780746663599356842e+10 3.842240846055060577e+10 3.904735236885556030e+10 3.968246104569486237e+10 4.032789982193704987e+10 4.098383671757253265e+10 4.165044248545185089e+10 4.232789065573561859e+10 4.301635758106781769e+10 4.371602248248502350e+10 4.442706749606891632e+10 4.514967772036101532e+10 4.588404126454752350e+10 4.663034929742736053e+10 4.738879609717651367e+10 4.815957910192340851e+10 4.894289896114531708e+10 4.973895958790077972e+10 5.054796821191224670e+10 5.137013543351338959e+10 5.220567527846985626e+10 5.305480525369573975e+10 5.391774640387494659e+10 5.479472336900292969e+10 5.568596444286408997e+10 5.659170163246231079e+10 5.751217071841613770e+10 5.844761131633649445e+10 5.939826693920338440e+10 6.036438506075863647e+10 6.134621717992518616e+10 6.234401888627864075e+10 6.335804992658241272e+10 6.438857427240425873e+10 6.543586018883229065e+10 6.650018030431105042e+10 6.758181168161109924e+10 6.868103588995321655e+10 6.979813907830638123e+10 7.093341204987989807e+10 7.208715033782150269e+10 7.325965428215229797e+10 7.445122910795127869e+10 7.566218500481062317e+10 7.689283720758305359e+10 7.814350607844526672e+10 7.941451719029339600e+10 8.070620141149523926e+10 8.201889499202210999e+10 8.335293965098187256e+10 8.470868266557420349e+10 8.608647696149244690e+10 8.748668120479896545e+10 8.890965989529167175e+10 9.035578346138920593e+10 9.182542835656263733e+10 9.331897715733238220e+10 9.483681866285946655e+10 9.637934799615795898e+10 9.794696670695385742e+10 9.954008287621539307e+10 1.011591112223829803e+11 1.028044732093307648e+11 1.044765971560805206e+11 1.061759183482998962e+11 1.079028791516181335e+11 1.096579291267809906e+11 1.114415251466790466e+11 1.132541315152812653e+11 1.150962200885031128e+11 1.169682703970387115e+11 1.188707697711903229e+11 1.208042134677326508e+11 1.227691047988360443e+11 1.247659552630868530e+11 1.267952846786431274e+11 1.288576213185518036e+11 1.309535020482670441e+11 1.330834724654076080e+11 1.352480870417873993e+11 1.374479092677539368e+11 1.396835117988739624e+11 1.419554766050098572e+11 1.442643951218158875e+11 1.466108684046983032e+11 1.489955072852850647e+11 1.514189325304352112e+11 1.538817750038349609e+11 1.563846758302247925e+11 1.589282865622976379e+11 1.615132693503092957e+11 1.641402971144466553e+11 1.668100537200055847e+11 1.695232341554121399e+11 1.722805447131392212e+11 1.750827031735719910e+11 1.779304389918577271e+11 1.808244934877955322e+11 1.837656200388172302e+11 1.867545842761074219e+11 1.897921642839103394e+11 1.928791508020777588e+11 1.960163474319181824e+11 1.992045708453871155e+11 2.024446509976801758e+11 2.057374313432907410e+11 2.090837690555750122e+11 2.124845352498887329e+11 2.159406152103567505e+11 2.194529086203311462e+11 2.230223297965940857e+11 2.266498079273692932e+11 2.303362873142126465e+11 2.340827276178294373e+11 2.378901041078890991e+11 2.417594079169123535e+11 2.456916462982790222e+11 2.496878428884331970e+11 2.537490379733571777e+11 2.578762887593798218e+11 2.620706696483855286e+11 2.663332725174980774e+11 2.706652070033235779e+11 2.750676007908067627e+11 2.795415999067864990e+11 2.840883690183295288e+11 2.887090917359234619e+11 2.934049709215792847e+11 2.981772290019673462e+11 3.030271082866393433e+11 3.079558712914229736e+11 3.129648010670750732e+11 3.180552015332913208e+11 3.232283978181380615e+11 3.284857366030053711e+11 3.338285864731750488e+11 3.392583382740991821e+11 3.447764054734471436e+11 3.503842245290675659e+11 3.560832552629274292e+11 3.618749812411284180e+11 3.677609101601030884e+11 3.737425742391056519e+11 3.798215306190736084e+11 3.859993617679779053e+11 3.922776758927707520e+11 3.986581073580438843e+11 4.051423171114655762e+11 4.117319931161679077e+11 4.184288507901575928e+11 4.252346334528686523e+11 4.321511127789761963e+11 4.391800892596077271e+11 4.463233926710397339e+11 4.535828825510200195e+11 4.609604486828419800e+11 4.684580115873045044e+11 4.760775230226377563e+11 4.838209664925957031e+11 4.916903577628021240e+11 4.996877453854888916e+11 5.078152112327670898e+11 5.160748710385897217e+11 5.244688749495119019e+11 5.329994080844104004e+11 5.416686911033135376e+11 5.504789807854968262e+11 5.594325706169388428e+11 5.685317913873753662e+11 5.777790117970495605e+11 5.871766390733261719e+11 5.967271195973310547e+11 6.064329395408049316e+11 6.162966255132941895e+11 6.263207452198704834e+11 6.365079081295551758e+11 6.468607661546320801e+11 6.573820143409598389e+11 6.680743915695615234e+11 6.789406812696098633e+11 6.899837121430025635e+11 7.012063589007176514e+11 7.126115430111730957e+11 7.242022334607315674e+11 7.359814475265786133e+11 7.479522515621798096e+11 7.601177617955322266e+11 7.724811451403415527e+11 7.850456200204509277e+11 7.978144572076612549e+11 8.107909806731694336e+11 8.239785684528510742e+11 8.373806535266472168e+11 8.510007247122246094e+11 8.648423275731744385e+11 8.789090653419963379e+11 8.932045998580959473e+11 9.077326525210241699e+11 9.224970052592174072e+11 9.375015015145269775e+11 9.527500472427299805e+11 9.682466119303114014e+11 9.839952296278206787e+11 1.000000000000000000e+12 
# Elapsed Time / s
# 4.707215898997674