# `D0` Integrated Spectrum / 1/GeV - 2024/07/19 03:03:40
# Nucleus:
#     n = 1e+14 1/cm**3
#     d = 1e+15 cm
# Energy / GeV # Spectrum / 1/GeV
100000.0   1.1149056355800782e+20
101626.50893929951   1.0824705543514458e+20
103279.47319189525   1.0509767682949962e+20
104959.32305582266   1.0203970334157332e+20
106666.49582795388   9.907048919013427e+19
108401.43591783309   9.61874649510832e+19
110164.59496336569   9.338813536110055e+19
111956.43194838794   9.067007718423455e+19
113777.41332214902   8.80309371396323e+19
115628.01312073754   8.546842988866762e+19
117508.71309048076   8.298033607977429e+19
119420.00281335325   8.056450044933294e+19
121362.37983442418   7.821882997701365e+19
123336.34979137748   7.594129209401998e+19
125342.42654613995   7.372991294272055e+19
127381.13231864785   7.1582775686206325e+19
129452.9978227916   6.94980188663403e+19
131558.56240457052   6.74738348089189e+19
133698.37418249453   6.550846807459843e+19
135872.9901902709   6.360021395427607e+19
138082.97652180924   6.174741700765924e+19
140328.9084785873   5.994846964378423e+19
142611.37071941298   5.8201810742287516e+19
144930.9574126215   5.650592431426403e+19
147288.27239075018   5.485933820157892e+19
149683.92930772554   5.3260622813536485e+19
152118.55179861048   5.170838989983276e+19
154592.77364194786   5.020129135875762e+19
157107.2389247449   4.873801807963656e+19
159662.6022101425   4.731729881853108e+19
162259.5287078087   4.593789910624867e+19
164898.69444710648   4.459862018773467e+19
167580.78645307687   4.329829799194884e+19
170306.50292528427   4.203580213135438e+19
173076.55341957242   4.081003493016981e+19
175891.65903277326   3.961993048056239e+19
178752.55259042355   3.846445372598002e+19
181659.97883753286   3.734259957084614e+19
184614.69463245457   3.6253392015861772e+19
187617.46914391196   3.519588331818008e+19
190669.0840512252   3.4169153175742906e+19
193770.3337477989   3.317230793508398e+19
196922.02554791735   3.220447982192815e+19
200124.9798969035   3.1264826193932472e+19
203380.030584698   3.0352528814933574e+19
206688.0249629082   2.9466793150086603e+19
210049.82416539153   2.8606847681294164e+19
213466.30333242455   2.7771943242344858e+19
216938.35183851823   2.696135237319572e+19
220466.87352394077   2.617436869284852e+19
224052.7869300018   2.5410306290288394e+19
227697.025538168   2.466849913296383e+19
231400.5380130654   2.39483004923067e+19
235164.2884494351   2.3249082385802097e+19
238989.25662310477   2.257023503513355e+19
242876.43824604506   2.191116633994113e+19
246826.84522556924   2.1271301366745866e+19
250841.50592775413   2.065008185260268e+19
254921.46544514256   2.0046965723060855e+19
259067.78586880062   1.9461426624019722e+19
263281.546564802   1.8892953467080925e+19
267563.84445520455   1.8341049988009947e+19
271915.7943036019   1.7805234317929155e+19
276338.52900531725   1.728503856687725e+19
280833.199882317   1.678000841937975e+19
285400.97698292375   1.6289702741684531e+19
290043.04938639916   1.5813693200328294e+19
294760.62551248586   1.535156389170692e+19
299554.9334359816   1.490291098233408e+19
304427.22120642994   1.4467342359480648e+19
309378.7571730137   1.4044477291895902e+19
314410.8303147265   1.3633946100321526e+19
319524.7505759214   1.3235389837515354e+19
324721.8492073132   1.284845997751251e+19
330003.4791125282   1.2472818113857327e+19
335371.01520029287   1.2108135666548208e+19
340825.85474234517   1.1754093597444958e+19
346369.41773717344   1.1410382133894437e+19
352003.14727966825   1.1076700500338303e+19
357728.50993678696   1.075275665767317e+19
363546.99612933176   1.0438267050139488e+19
369460.12051993026   1.0132956359523176e+19
375469.4224073337   9.836557266458511e+18
381576.46612712526   9.548810218628248e+18
387782.84145894536   9.26946320566245e+18
394090.16404034477   8.998271540542407e+18
400500.07578736113   8.734997647323165e+18
407014.2453219439   8.479410854991687e+18
413634.3684063278   8.231287197284458e+18
420362.1683844718   7.990409218292515e+18
427199.3966306777   7.756565783687207e+18
434147.8330055092   7.529551897404488e+18
441209.286319119   7.309168523630817e+18
448385.59480211907   7.095222413937203e+18
455678.6265841069   6.887525939413457e+18
463090.2801799737   6.685896927658242e+18
470622.48498412815   6.490158504484797e+18
478277.20177274855   6.300138940206716e+18
486056.42321421386   6.115671500371106e+18
493962.1743878326   5.936594300811262e+18
501996.51331100793   5.762750166894098e+18
510161.5314749834   5.593986496841142e+18
518459.3543892913   5.43015512900591e+18
526892.1421350677   5.271112212993117e+18
535462.0899273613   5.116718084508953e+18
544171.4286865888   4.966837143834894e+18
553022.42561929   4.821337737820086e+18
562017.3848083188   4.680092045291213e+18
571158.6478126434   4.5429759657806735e+18
580448.5942768984   4.40986901147752e+18
589889.6425508494   4.28065420230811e+18
599484.2503189408   4.1552179640558377e+18
609234.9152400711   4.0334500294325565e+18
619144.1755977848   3.91524334201598e+18
629214.610961035   3.8004939629705994e+18
639448.8428556937   3.6891009804715223e+18
649849.5354469889   3.5809664217531566e+18
660419.3962330305   3.475995167707006e+18
671161.1767496286   3.374094869954694e+18
682077.6732865692   3.275175870324828e+18
693171.72761554   3.179151122664191e+18
704446.2277299037   3.085936116915704e+18
715904.1085964888   2.995448805397753e+18
727548.3529196233   2.907609531221102e+18
739381.9919175874   2.822340958781643e+18
751408.1061116962   2.739568006268934e+18
763629.8261282241   2.6592177801322066e+18
776050.3335133571   2.581219511447337e+18
788672.8615614156   2.505504494129574e+18
801500.6961565414   2.432006024938833e+18
814537.1766280737   2.3606593452255795e+18
827785.6966198472   2.2914015843669422e+18
841249.7049736119   2.2241717048442468e+18
854932.7066268384   2.1589104489143055e+18
868838.2635251193   2.0955602868284582e+18
882969.9955494083   2.0340653665545234e+18
897331.5814583519   1.9743714649581212e+18
911926.7598459298   1.9164259404012163e+18
926759.3301146884   1.860177686716714e+18
941833.153464796   1.8055770885193782e+18
957152.1538991856   1.7525759778143007e+18
972720.3192450537   1.7011275918653796e+18
988541.7021919574   1.651186532287336e+18
1004620.4213468132   1.602708725325758e+18
1020960.6623060475   1.5556513832908099e+18
1037566.6787451849   1.509972967111188e+18
1054442.7935261684   1.4656331499758162e+18
1071593.3998226712   1.422592782031847e+18
1089022.9622637306   1.3808138561082703e+18
1106736.0180959746   1.340259474435455e+18
1124737.1783647507   1.3008938163317658e+18
1143031.1291144786   1.2626821068291738e+18
1161622.632608502   1.2255905862107382e+18
1180516.5285688057   1.1895864804333972e+18
1199717.7354358856   1.1546379724105147e+18
1219231.2516491094   1.1207141741291805e+18
1239062.1569479157   1.0877850995780847e+18
1259215.613694151   1.0558216384624948e+18
1279696.8682159416   1.0247955306834304e+18
1300511.2521734098   9.946793415589421e+17
1321664.1839466037   9.65446437765928e+17
1343161.1700460154   9.370709639816006e+17
1365007.8065460138   9.095278202043238e+17
1387209.780541621   8.827926397340635e+17
1409772.8716289676   8.568417677933548e+17
1432702.9534098294   8.316522407701857e+17
1456005.9950206485   8.072017660647329e+17
1479688.0626863963   7.834687025224673e+17
1503755.3212997385   7.604320414365553e+17
1528214.0360258708   7.380713881030702e+17
1553070.5739334584   7.163669439129544e+17
1578331.4056521165   6.952994889651341e+17
1604003.1070568198   6.748503651856996e+17
1630092.3609797412   6.550014599383997e+17
1656605.9589499151   6.357351901122227e+17
1683550.8029612007   6.170344866722003e+17
1710933.9072690133   5.988827796599654e+17
1738762.4002162504   5.812639836310369e+17
1767043.5260889467   5.6416248351610035e+17
1795784.6470020968   5.4756312089400294e+17
1824993.2448161505   5.3145118066448314e+17
1854676.9230846975   5.1581237810902554e+17
1884843.4090337954   5.006328463285769e+17
1915500.555573528   4.8589912404714656e+17
1946656.3433422633   4.715981437706798e+17
1978318.8827841622   4.577172202908709e+17
2010496.416260497   4.442440395238867e+17
2043197.3201952705   4.311666476742819e+17
2076430.1072557748   4.18473440714629e+17
2110203.4285685965   4.061531541717069e+17
2144526.0759716653   3.941948532103193e+17
2179406.984302954   3.8258792300609696e+17
2214855.2337263594   3.713220593988872e+17
2250880.0520954616   3.603872598185559e+17
2287490.817355704   3.4977381447528954e+17
2324697.0599856456   3.394722978067073e+17
2362508.4654779453   3.294735601743002e+17
2400934.8768606517   3.197687198019675e+17
2439986.29725955   3.103491549495821e+17
2479672.8925021603   3.012064963147647e+17
2520004.9937640894   2.923326196562238e+17
2560993.1002584565   2.83719638632206e+17
2602647.8819690044   2.7535989784781517e+17
2644980.1824277197   2.6724596610510198e+17
2688001.0215376075   2.5937062985003587e+17
2731721.5984413736   2.5172688681062733e+17
2776153.294436798   2.4430793982062835e+17
2821307.6759394705   2.37107190823426e+17
2867196.49749377   2.3011823505086483e+17
2913831.7048327886   2.2333485537191776e+17
2961225.4379880317   2.1675101680625568e+17
3009390.0344497245   2.103608611979131e+17
3058338.032378432   2.0415870204440048e+17
3108082.173869064   1.9813901947670845e+17
3158635.408267819   1.9229645538584624e+17
3210010.8955431683   1.8662580869161542e+17
3262222.009711673   1.811220307494916e+17
3315282.3423194233   1.757802208915954e+17
3369205.705980267   1.705956220978236e+17
3424006.1379714254   1.6556361679338096e+17
3479697.903887688   1.606797227690036e+17
3536295.5013550464   1.5593958922030877e+17
3593813.6638046256   1.5133899290280944e+17
3652267.3643081756   1.46873834399198e+17
3711671.8194757667   1.4254013449565891e+17
3772042.4934169934   1.3833403066400707e+17
3833395.1017666054   1.3425177364657782e+17
3895745.615775501   1.3028972414088149e+17
3959110.266468459   1.2644434958109146e+17
4023505.548869293   1.2271222101357133e+17
4088948.2262948644   1.1909001006367667e+17
4155455.3347188793   1.1557448599118202e+17
4223044.1872066725   1.1216251283174587e+17
4291732.378422158   1.0885104662190323e+17
4361537.789208006   1.0563713270515509e+17
4432478.5912404   1.0251790311678238e+17
4504573.251759463   9.949057404509461e+16
4577840.538376616   9.655244336688054e+16
4652299.523960189   9.37008882548968e+16
4727969.591600391   9.093336285529574e+16
4804870.439655134   8.824739603294803e+16
4883022.086877885   8.564058918268138e+16
4962444.877628913   8.311061410451307e+16
5043159.487171358   8.065521094100619e+16
5125186.927053332   7.827218617494118e+16
5208548.550577666   7.595941068553728e+16
5293266.058360566   7.371481786151942e+16
5379361.503980698   7.153640176936931e+16
5466857.299720181   6.942221537514961e+16
5555776.222398878   6.737036881834107e+16
5646141.419303672   6.537902773616836e+16
5737976.41421414   6.344641163694635e+16
5831305.113526219   6.157079232101157e+16
5926151.812475553   5.975049234785145e+16
6022541.201461928   5.798388354808377e+16
6120498.372476703   5.6269385578972616e+16
6220048.825634718   5.460546452221333e+16
6321218.475812448   5.299063152275054e+16
6424033.659394191   5.142344146742941e+16
6528521.141127847   4.9902491702320936e+16
6634708.121092351   4.84264207875861e+16
6742622.241778349   4.699390728878649e+16
6852291.595284058   4.560366860357499e+16
6963744.730628222   4.425445982273256e+16
7077010.6611818895   4.294507262454966e+16
7192118.872221193   4.167433420157498e+16
7309099.328602918   4.044110621878836e+16
7427982.48256491   3.924428380227826e+16
7548799.281653431   3.808279455753206e+16
7671581.176779302   3.695559761647578e+16
7796360.130405237   3.5861682712419852e+16
7923168.624866262   3.4800069282098024e+16
8052039.670825469   3.376980559400579e+16
8183006.81586739   3.2769967902269696e+16
8316104.153230961   3.179965962530283e+16
8451366.330684721   3.0858010548519228e+16
8588828.559546258   2.994417605040545e+16
8728526.623848371   2.9057336351266336e+16
8870496.889654404   2.8196695783980736e+16
9014776.314524917   2.7361482086125656e+16
9161402.457138522   2.6550945712841424e+16
9310413.487069085   2.5764359169833044e+16
9461848.194721993   2.5001016365918384e+16
9615746.001432095   2.4260231984550704e+16
9772146.969725724   2.354134087376195e+16
9931091.813749801   2.2843697453986296e+16
10092621.909870485   2.216667514324213e+16
10256779.307444207   2.1509665799163852e+16
10423606.739764012   2.0872079177390696e+16
10593147.6351837   2.0253342405834536e+16
10765446.128423158   1.9652899474360924e+16
10940547.072057435   1.907021073943321e+16
11118496.048192699   1.8504752443281504e+16
11299339.380332217   1.7956016247171056e+16
11483124.145435112   1.7423508778358516e+16
11669898.186171474   1.6906751190333872e+16
11859710.123376707   1.6405278735960248e+16
12052609.368708413   1.5918640353133752e+16
12248646.137509307   1.544639826259634e+16
12447871.461879062   1.498812757754706e+16
12650337.203959038   1.4543415924704776e+16
12856096.069432965   1.4111863076488066e+16
13065201.621247198   1.369308059398652e+16
13277708.293554291   1.3286691480407024e+16
13493671.405883064   1.2892329844689224e+16
13713147.177539457   1.2509640574991066e+16
13936192.742241435   1.2138279021756348e+16
14162866.162991975   1.1777910690083192e+16
14393226.447194064   1.1428210941120856e+16
14627333.5620113   1.1088864702230964e+16
14865248.449978571   1.0759566185655728e+16
15107033.044866556   1.0440018615444324e+16
15352750.28780421   1.0129933962395432e+16
15602464.143663712   9829032686780732.0
15856239.61771137   9537043488622326.0
16114142.772530198   9253703065300940.0
16376240.74521689   8978755876282211.0
16642601.764859019   8711953914750780.0
16913295.170296505   8453056485950383.0
17188391.428171456   8201829992033814.0
17467962.151272457   7958047723230684.0
17752080.11717636   7721489655149326.0
18040819.28719381   7491942252031828.0
18334254.825622927   7269198275788052.0
18632463.1193156   7053056600639736.0
18935521.797562953   6843322033208926.0
19243509.75230332   6639805137892624.0
19556507.15865947   6442322067367435.0
19874595.495809857   6250694398074254.0
20197857.568198785   6064748970537287.0
20526377.52709252   5884317734374645.0
20860240.89248505   5709237597864072.0
21199534.57536069   5539350281929319.0
21544346.900318865   5374502178417824.0
21894767.628566206   5214544212544032.0
22250887.981283695   5059331709375488.0
22612800.663372796   4908724264243967.0
22980599.887588486   4762585616965706.0
23354381.399064817   4620783529759387.0
23734242.50023866   4483189668753434.0
24120282.07618007   4349679488976768.5
24512600.6203334   4220132122731569.5
24911300.26067786   4094430271248130.5
25316484.786313582   3972460099525685.5
25728259.67447932   3854111134266046.0
26146732.11801092   3739276164808496.5
26572011.053245068   3627851146978718.0
27004207.1883777   3519735109765546.5
27443433.032283682   3414830064742787.0
27889802.923804395   3313040918155676.5
28343433.061513092   3214275385593233.0
28804441.53396298   3118443909171233.0
29272948.35042813   3025459577151540.0
29749075.472144436   2935238045926462.0
30232946.844057765   2847697464298849.5
30724688.427090034   2762758399990049.0
31224428.230928577   2680343768310819.0
31732296.34734973   2600378762931288.0
32248424.984084453   2522790788688383.5
32772948.49923382   2447509396371120.5
33306003.436245885   2374466219425160.0
33847728.55945983   2303594912520806.5
34398264.89022921   2234831091929271.0
34957755.743632786   2168112277654225.5
35526346.765781395   2103377837267211.5
36104185.97173338   2040568931396465.5
36691423.78402494   1979628460821010.8
37288213.0718283   1920501015122512.8
37894709.19074672   1863132822849219.0
38511070.02325569   1807471703147671.2
39137456.01980384   1753467018818729.2
39774030.240580365   1701069630756427.5
40420958.39796302   1650231853728704.0
41078408.89965651   1600907413460673.0
41746552.89253135   1553051404982242.5
42425564.307177775   1506620252202631.0
43115619.90318228   1461571668676051.2
43816899.31514186   1417864619523254.0
44529585.0994266   1375459284475060.5
45253862.78170167   1334317022004964.5
45989920.90522438   1294400334518538.2
46737951.079924636   1255672834568849.0
47498148.032284945   1218099212067497.8
48270709.656031884   1181645202462044.0
49055837.06365045   1146277555851502.8
49853734.63873894   1111964007012090.5
50664610.089212686   1078673246306696.8
51488674.50137487   1046374891451886.5
52326142.394866675   1015039460117273.8
53177231.77850967   984638343332837.4
54042164.20705915   955143779680238.6
54921164.838877894   926528830245268.2
55814462.49454955   898767354308870.9
56722289.71644549   871833985755060.0
57644882.82925873   845704110174685.5
58582482.00152536   820353842644424.1
59535331.3081437   795760006161291.1
60503678.79391212   771900110713243.5
61487776.538100295   748752332967193.0
62487880.72006888   726295496556305.4
63504251.68595962   704509052948809.5
64537154.01646702   683373062881355.1
65586856.59571422   662868178340166.8
66653632.6812492   642975625073913.5
67737759.97517745   623677185622672.5
68839520.69645496   604955182847685.5
69959201.65435374   586792463947276.9
71097094.32312424   569172384944527.0
72253494.91787222   552078795632832.75
73428704.47166757   535496024965899.4
74623028.91391107   519408866878990.56
75836779.1499719   503802566528831.3
77070271.14212288   488662806939749.75
78323825.99179204   473975696044113.5
79597770.02314977   459727754105479.25
80892434.86805938   445905901513094.0
82208157.5524054   432497446936900.9
83545280.58382854   419490075832353.9
84904152.04088755   406871839284752.9
86285125.66366887   394631143183123.44
87688560.94587426   382756737713856.8
89114823.22840202   371237707164765.0
90564283.79445294   360063460030340.56
92037319.9661823   349223719409364.5
93534315.20292377   338708513686248.2
95055659.20101191   328508167487721.2
96601747.99522646   318613292906777.4
98172984.06188841   309014780985968.25
99769776.42363212   299703793452412.75
101392540.75588143   290671754697094.5
103041699.49505854   281910343991240.75
104717681.94855203   273411487932792.94
106420924.40647268   265167353116186.8
108151870.25522892   257170339018837.0
109910970.09294961   249413071097945.88
111698681.84678249   241888394091438.38
113515470.8920999   234589365516993.2
115361810.17364761   227509249363306.22
117238180.32865998   220641509967950.53
119145069.81197748   213979806076306.25
121082975.0232037   207517985076202.0
123052400.43592615   201250077403116.25
125053858.72903939   195170291110881.06
127087870.92020595   189273006603005.5
129154966.50148827   183552771519878.94
131255683.57718454   178004295777261.3
133390569.00390586   172622446751587.5
135560178.5329366   167402244607738.94
137765076.9549055   162338857765099.7
140005838.2468096   157427598497803.25
142283045.7214349   152663918665192.06
144597292.17920196   148043405568673.06
146949180.06248203   143561777931218.53
149339321.61242533   139214881995889.9
151768339.02834037   134998687739871.39
154236864.62966305   130909285200608.53
156745541.0205595   126942880910733.72
159295021.25721198   123095794438556.5
161885969.0178199   119364455031018.14
164519058.77536607   115745398356072.17
167194975.9731992   112235263341546.61
169914417.2034626   108830789107657.44
172678090.38843596   105528811990379.03
175486714.9648152   102326262653014.66
178341022.07100064   99220163283332.69
181241754.73742396   96207624873762.5
184189668.07997108   93285844582183.16
187185529.49655753   90452103170919.56
190230118.86689457   87703762521644.66
193324228.7555043   85038263223938.16
196468664.61804485   82453122235317.25
199664245.01097932   79945930610641.97
202911801.80466822   77514351298824.16
206212180.39991444   75156117004870.3
209566239.94804308   72869028115305.97
212974853.57455233   70650950685123.0
216438908.60640204   68499814484423.55
219959306.80300704   66413611102990.234
223536964.59097967   64390392111078.5
227172813.30269027   62428267274763.44
230867799.4187172   60525402824221.16
234622884.81422624   58680019773392.16
238439047.00937253   56890392289489.79
242317279.42376006   55154846110895.31
246258591.6350544   53471757011992.17
250264009.64179218   51839549313562.516
254334576.13046482   50256694437391.81
258471350.74695584   48721709503770.586
262675410.37238383   47233155970629.64
266947849.4034318   45789638313073.44
271289780.037247   44389802742111.19
275702332.56095827   43032335961434.83
280186655.6459201   41715963961105.91
284743916.64672476   40439450847069.67
289375301.90509474   39201597705424.63
294082017.0587067   38001241500427.05
298865287.3550383   36837254005227.164
303726357.97033054   35708540764365.47
308666494.3337274   34614040087093.53
313686982.45668733   33552722070603.22
318789129.2677649   32523587652275.777
323974262.9528195   31525667690097.58
329243733.30077755   30558022070399.734
334598912.0549975   29619738842120.14
340041193.27037024   28709933376794.273
345571993.6762143   27827747553517.957
351192753.0450728   26972348968140.016
356904934.5675222   26142930165964.09
362710025.23306483   25338707897267.125
368609536.2172154   24558922394955.75
374605003.27489966   23802836673702.42
380697987.1402284   23069735849929.234
386890073.9327983   22358926482015.43
393182875.570577   21669735930134.68
399578030.18952656   21001511735134.203
406077202.57003695   20353621015895.793
412682084.57029516   19725449884628.434
419394395.56671774   19116402879559.133
426215882.9015325   18525902414508.906
433148322.3376394   17953388244851.41
440193518.5208879   17398316949366.535
447353305.4498463   16860161427521.166
454629546.9532409   16338410411714.723
462024137.1751313   15832567994049.795
469539001.0680053   15342153167192.654
477176094.89387506   14866699378908.621
484937406.7335233   14405754099865.049
492824957.0040503   13958878404306.947
500840798.98482126   13525646563225.322
508987019.35196745   13105645649645.91
517265738.72160244   12698475155677.643
525679112.2018419   12303746620974.125
534229329.9538363   11921083272265.822
542918617.7618942   11550119673637.586
551749237.6129117   11190501387228.977
560723488.2852038   10841884644050.492
569843705.9469136   10503936024613.836
579112264.7641747   10176332149084.037
588531577.519145   9858759376672.01
598104096.2380931   9550913513992.043
607832312.8297236   9252499532117.08
617718759.7338488   8963231292075.145
627766010.5806513   8682831278533.643
637976680.8606282   8411030341430.392
648353428.6054714   8147567445312.943
658898955.0799956   7892189426158.7
669616005.4853215   7644650755452.624
680507369.6735193   7404713311306.055
691575882.8738525   7172146156408.459
702824426.4308338   6946725322608.068
714255928.5543134   6728233601923.733
725873365.0817245   6516460343797.99
737679760.2527746   6311201258403.809
749678187.4966877   6112258225826.667
761871770.2322984   5919439110945.281
774263682.6811278   5732557583842.75
786857150.6936843   5551432945582.732
799655452.589233   5375889959190.609
812661920.0091945   5205758685685.346
825879938.7844255   5040874325011.159
839312949.8166373   4881077061722.566
852964449.9741017   4726211915282.225
866837993.0019791   4576128594832.756
880937190.4473991   4430681358310.433
895265712.5996382   4289728875770.087
909827289.4455568   4153134096796.543
924625711.6405734   4020764121880.2783
939664831.4954672   3892490077638.737
954948563.9791967   3768186995769.078
970480887.7380327   3647733695620.676
986265846.131283   3531012670279.0996
1002307548.2838644   3417909976056.8813
1018610170.1559774   3308315125289.3506
1035177955.6301762   3202120982336.6494
1052015217.6161569   3099223662695.7866
1069126339.1734772   2999522435130.25
1086515774.6525373   2902919626726.563
1104188050.854158   2809320530790.0327
1122147768.2079802   2718633317495.072
1140399601.9700353   2630768947207.3906
1158948303.4398117   2545641086397.8657
1177798701.197118   2463166026070.5654
1196955702.3590453   2383262602629.574
1216424293.857368   2305852121111.3887
1236209543.7367666   2230858280711.7246
1256316602.4741216   2158207102538.1643
1276750704.3192644   2087826859521.6729
1297517168.6575842   2019648008421.8926
1318621401.3947484   1953603123863.6853
1340068896.3639534   1889626834343.6301
1361865236.7560828   1827655760147.206
1384016096.5731301   1767628453119.2852
1406527242.1052392   1709485338232.215
1429404533.431761   1653168656897.3953
1452653925.9467783   1598622411967.7332
1476281471.909391   1545792314380.397
1500293322.0192168   1494625731390.389
1524695727.0175698   1445071636347.0034
1549495039.3146317   1397080559967.0378
1574697714.64309   1350604543059.663
1600310313.7387018   1305597090659.353
1626339504.0481906   1262013127524.6968
1652792061.4648972   1219808954962.2275
1679674872.0926533   1178942208935.562
1706994934.0384045   1139371819421.369
1734759359.2339325   1101057970975.1465
1762975375.287204   1063962064470.689
1791650327.363896   1028046679978.2797
1820791680.0994625   993275540748.0188
1850407019.542306   959613478265.4945
1880504055.1285834   927026398348.146
1911090621.689136   895481248251.7233
1942174681.4890285   864945984757.274
1973764326.3002553   835389543209.9387
2005867779.50823   806781807481.7638
2038493398.252464   779093580831.8411
2071649675.6020668   752296557637.7302
2105345242.7666996   726363295973.011
2139588871.3434215   701267191006.782
2174389475.6000843   676982449201.5327
2209756114.795903   653484063286.6179
2245697995.5397716   630747787985.3508
2282224474.186901   608750116474.4122
2319345059.2744274   587468257554.9282
2357069413.996723   566880113515.1584
2395407358.7208796   546964258665.537
2434368873.543118   527699918527.2198
2473964100.8868065   509066949655.93616
2514203348.1427965   491045820083.4535
2555097090.3525124   473617590359.6428
2596655972.9348726   456763895178.2974
2638890814.4575076   440466925570.651
2681812609.453018   424709411650.8454
2725432531.281028   409474605898.02344
2769761935.0368853   394746266960.1161
2814812360.507581   380508643964.8677
2860595535.1757507   366746461323.9167
2907123377.272569   353444904016.12085
2954407998.8803797   340589603336.6456
3002461709.0855556   328166623098.7551
3051297017.182871   316162446275.31494
3100926635.9319234   304563962067.53674
3151363484.8664827   293358453388.66455
3202620693.65765   282533584750.57074
3254711605.5318413   272077390541.4699
3307649780.7442427   261978263683.28036
3361449000.1087756   252224944657.31998
3416123268.585518   242806510887.27808
3471686818.9265594   233712366468.6319
3528154115.3808904   224932232233.9585
3585539857.459817   216456136143.6546
3643858983.7635407   208274403991.9472
3703126675.8699307   200377650418.21368
3763358362.286533   192756770213.83643
3824569722.4669914   185402929915.018
3886776690.892668   178307559672.23056
3949995461.220655   171462345387.13028
4014242490.4993095   164859221107.9792
4079534503.452449   158490361674.828
4145888496.8329196   152348175605.95425
4213321743.847289   146425298217.1548
4281851798.6524067   140714584965.80002
4351496500.925055   135209105011.7129
4422273980.505897   129902134987.14864
4494202662.119133   124787152968.34012
4567301270.168747   119857832641.32971
4641588833.612792   115108037654.96445
4717084690.917003   110531816154.16219
4793808495.089107   106123395486.75586
4871780218.794641   101877177077.46574
4951020159.556352   97787731462.68068
5031548945.038046   93849793480.01266
5113387538.414331   90058257606.75526
5196557243.827658   86408173441.58714
5281079711.93432   82894741324.05296
5366976945.540476   79513308086.58136
5454271305.329847   76259362933.97102
5542985515.684652   73128533445.47757
5633142670.601352   70116581694.82555
5724766239.70219   67219400483.68111
5817880074.344935   64433009684.2539
5912508413.831869   61753552686.930244
6008675891.719693   59177292948.99242
6106407542.232037   56700610640.65314
6205728806.776487   54319999384.79826
6306665540.567406   52032063087.01245
6409244019.35647   49833512852.60189
6513490946.272782   47721163987.48883
6619433458.774388   45691933080.00014
6727099135.712351   43742835160.73091
6836516004.510239   41870980937.766945
6947712548.460226   40073574104.71876
7060717714.13778   38347908719.130264
7175560918.936921   36691366648.94791
7292272058.728298   35101415084.85089
7410881515.64157   33575604116.364876
7531420165.974391   32111564369.77629
7653919388.230156   30707004705.96781
7778411071.286482   29359709976.394596
7904927622.696437   28067538835.51007
8033501977.124735   26828421608.034035
8164167604.921455   25640358209.533516
8296958520.834915   24501416118.87306
8431909292.866251   23409728401.152527
8569055051.26833   22363491779.81889
8708431497.690723   21360964756.708336
8850074914.473457   20400465778.826065
8994022174.092052   19480371450.727737
9140310748.756224   18599114791.419277
9288978720.164516   17755183534.7399
9440064789.417603   16947118472.233448
9593608287.093126   16173511837.555107
9749649183.484097   15433005731.502125
9908228099.003788   14724290586.787224
10069386314.76025   14046103671.705448
10233165783.302448   13397227631.879805
10399609139.541224   12776489069.292751
10568759711.848051   12182757157.837105
10740661533.334324   11614942294.64384
10915359353.313932   11071994786.465029
11092898648.952229   10552903570.408129
11273325637.104849   10056694968.334705
11456687286.348726   9582431474.25623
11643031329.208755   9129210574.070656
11832406274.583755   8696163596.996977
12024861420.374123   8282454598.080709
12220446866.31491   7887279271.150587
12419213527.017847   7509863891.618568
12621213145.22546   7149464288.525307
12826498305.280624   6805364845.241898
13035122446.815088   6476877528.2462845
13247139878.661148   6163340943.399836
13462605792.98911   5864119419.159237
13681576279.674706   5578602116.162976
13904108340.90067   5306202162.638682
14130259905.995337   5046355815.085365
14360089846.512636   4798521643.688583
14593657991.557577   4562179741.932832
14831025143.361029   4336830959.881563
15072253093.107586   4121996160.6006083
15317404637.020798   3917215499.20588
15566543592.710588   3722047724.021219
15819734815.786015   3536069499.3393354
16077044216.73822   3358874749.2825284
16338538778.09857   3190074022.2656727
16604286571.875296   3029293875.57063
16874356777.273792   2876176279.5455155
17148819698.705408   2730378040.9484434
17427746784.089172   2591570244.9613314
17711210643.450905   2459437715.40534
17999285067.824764   2333678492.6951256
18292045048.462902   2214003329.075137
18589566796.356884   2100135200.688304
18891927762.076645   1991808836.0328503
19199206655.93279   1888770260.3695815
19511483468.466164   1790776355.6492658
19828839491.270756   1697594435.5355942
20151357338.155586   1609001835.1062093
20479120966.650833   1524785514.8213425
20812215699.863415   1444741678.3565016
21150728248.687946   1368675403.902523
21494746734.37976   1296400288.5432744
21844360711.494286   1227738105.329053
22199661191.199524   1162518472.6703188
22560740664.968544   1100578535.6837866
22927693128.656487   1041762659.1306186
23300614106.969296   985922131.5932858
23679600678.330788   932914880.5452166
24064751500.154217   882605197.9747629
24456166834.52449   834863476.2324055
24853948574.297985   789565953.7773633
25258200269.627796   746594470.5070598
25669027154.919518   705836232.3605818
26086536176.22556   667183584.8941772
26510836019.085308   630533795.5342667
26942037136.81882   595788844.2206224
27380251779.278633   562855222.1597872
27825594022.07126   531643738.41536206
28278179796.253384   502069334.0693902
28738126918.510693   474050903.6958081
29205555121.82745   447511123.89382446
29680586086.655964   422376288.6358764
30163343472.591972   398576151.19174194
30653952950.56536   376043772.39683026
31152542235.554783   354715375.0392871
31659241119.835205   334530204.1470108
32174181506.763783   315430392.9621676
32697497445.11768   297360834.39669937
33229325163.98968   280269057.76881146
33769803108.25095   264105110.6262946
34319071974.590427   248821445.468462
34877274748.1417   234372811.18425727
35444556739.70435   220716149.02990252
36021065623.57081   207810492.97489572
36606951475.96891   195616874.25066283
37202366814.13066   184098229.94151065
37807466635.99357   173219315.46281493
38422408460.550606   162946620.77627861
39047352368.85556   153248290.19727775
39682461045.69486   144094045.65406594
40327899821.93705   135455113.26335347
40983836717.57253   127304153.09137885
41650442485.45185   119615191.97415501
42327890655.73562   112363559.27487656
43016357581.06782   105525825.46077299
43716022482.48502   99079743.3858297
44427067496.06892   93004192.16988328
45149677720.361015   87279123.56840408
45884041264.54752   81885510.73120534
46630349297.42736   76805299.25195822
47388796097.17651   72021360.41398644
48159579101.92341   67517446.54129177
48942898961.14532   63278148.36716999
49738959587.90078   59288854.33601693
50547968211.91225   55535711.757107615
51370135433.51339   52005589.7322058
52205675278.46986   48686043.78186086
53054805253.69574   45565282.09806891
53917746403.87495   42632133.353824295
54794723369.00293   39876016.002753675
55685964442.86409   37286909.0046305
56591701632.46231   34855323.9150859
57512170718.41614   32572278.280280042
58447611316.336494   30429270.279631484
59398266939.203384   28418254.56197606
60364385060.75864   26531619.22271782
61346217179.925186   24762163.871661317
62344018886.27864   23103078.74322036
63358049926.58241   21547924.802698568
64388574272.40426   20090614.804215316
65435860188.83229   18725395.25767935
66500180304.31105   17446829.263969027
67581811681.6111   16249780.179184027
68681035889.95322   15129396.070453683
69798139078.30638   14081094.927363649
70933412049.8799   13100550.594572714
72087150337.8215   12183679.392655466
73259654282.1523   11326627.395587072
74451229107.95128   10525758.3346515
75662185004.81062   9777642.099839075
76892837207.58305   9079043.811043628
78143506078.44527   8426913.43256358
79414517190.2934   7818375.905564722
80706201411.49524   7250721.774258992
82018894992.02211   6721398.282615219
83352939650.98187   6228000.919434379
84708682665.5742   5768265.390598164
86086476961.49245   5340059.998234374
87486681204.79897   4941378.407440842
88909659895.29167   4570332.782074196
90355783461.3892   4225147.271932693
91825428356.56264   3904151.834455216
93318977157.33238   3605776.374820144
94836818662.85947   3328545.1890529976
96379347996.15796   3071071.695450028
97946966706.95386   2832053.4402934425
99540082876.2154   2610267.3644737327
101159111222.38298   2404565.3182468237
102804473209.33076   2213869.811940266
104476597156.08052   2037169.9909858555
106175918348.2999   1873517.824191874
107902879151.61813   1722024.4946828221
109657929126.78099   1581856.9834276903
111441525146.67905   1452234.8357472052
113254131515.28127   1332427.1016411348
115096220088.50311   1221749.441207402
116968270397.03871   1119561.3868361649
118870769771.19032   1025263.7542552272
120804213467.73265   938296.1948789263
122769104798.83604   858134.8822726444
124765955263.08685   784290.3258874833
126795284678.64313   716305.3055476113
128857621318.5518   653752.920486425
130953502048.26704   596234.7470260174
133083472465.40761   543379.099280127
135248087041.7874   494839.3875333085
137447909267.75394   450292.5692091009
139683511798.87396   409437.68758803
141955476605.00986   371994.49367306265
144264395121.8159   337702.1468263054
146610868404.6983   306317.9900158914
148995507285.28506   277616.3957175211
151418932530.4352   251387.6787112792
153881775003.83496   227437.0722009033
156384675830.2248   205583.76386081043
158928286562.29764   185659.98858595768
161513269350.3093   167510.17488130243
164140297114.44666   150990.1419816638
166810053720.00558   135966.34493958767
169523234155.41214   122315.16505873742
172280544713.13922   109922.24318336866
175082703173.572   98681.85348125943
177930438991.85773   88496.31547827309
180824493487.79553   79275.4422175429
183765620038.81723   70936.02252569511
186754584276.10742   63401.335472614504
189792164283.91034   56600.69521030299
192879150802.07776   50469.02447058089
196016347431.91818   44946.45509101516
199204570845.38712   39977.954023753395
202444650997.68018   35512.97336295087
205737431343.29074   31505.123003574707
209083769055.575   27911.864617670362
212484535249.88873   24694.225703797143
215940615210.35675   21816.53253155465
219452908620.33115   19246.160866030354
223022329796.5941   16953.303416766794
226649807927.3693   14910.753012621088
230336287314.21265   13093.700557823315
234082727617.82944   11479.54687578132
237890104107.8891   10047.727595799408
241759407916.91235   8779.550284064891
245691646298.27902   7658.043064106379
249687842888.4332   6667.8140135316735
253749037973.35718   5794.920663350826
257876288759.37982   5026.748963669264
262070669648.38553   4351.901115089664
266333272517.49808   3760.091698891099
270665207003.32358   3242.0515710507566
275067600790.80676   2789.439015521337
279541599906.7865   2394.7576809465113
284088369018.3295   2051.280852278693
288709091735.92346   1752.9816346255238
293404970921.5793   1494.4686511686664
298177229001.96735   1270.9268802257616
303027108286.63934   1078.0632785472208
307955871291.423   912.0568587934447
312964801067.0751   769.5129088980118
318055201533.2913   647.4210597378809
323228397818.13806   543.1169252577017
328485736603.0054   454.2470559765288
333828586473.17505   378.73696269376296
339258338274.0992   314.7619822511922
344776405473.44714   260.72077144300107
350384224529.06757   215.2112286338301
356083255262.9274   177.0086553887487
361874981241.1284   145.0459824708367
367760910160.1031   118.39589596037251
373742574239.10565   96.2547100268417
379821530619.0736   77.9278430722589
385999361767.9779   62.81676359029793
392277675892.77075   50.407281179840425
398658107358.0439   40.259066740525306
405142317111.4656   31.996293987464224
411731993116.1679   25.299302075671413
418428850790.1576   19.897186344984842
425234633452.86865   15.56123100419813
432151112778.9762   12.099103990093198
439180089259.6077   9.349740282164316
446323392671.03973   7.178845644997489
453582882551.02   5.474958124217359
460960448682.842   4.146009655138836
468458011587.3045   3.1163348713434056
476077523022.63776   2.3240786379851404
483820966492.5957   1.7189579950912015
491690357762.8021   1.2603380922270642
499687745385.4889   0.9155853399043568
507815211232.7671   0.6586644069721473
516074871038.5897   0.46894886803399477
524468874949.5119   0.3302182609385095
532999408084.4104   0.22981706132464033
541668691103.31354   0.15795362863869777
550478980785.4968   0.10711953528378983
559432570616.9388   0.07161186641694897
568531791387.3754   0.047143080605217505
577779011797.0496   0.03052485902724262
587176639073.3262   0.01941405107425691
596727119597.331   0.01211035492470026
606432939540.8049   0.007396760527727165
616296625513.2942   0.004415036698353664
626320745219.8705   0.002569670852641944
636507908129.5552   0.0014546765594743013
646860766154.6321   0.0007985778972663386
657382014340.9598   0.00042366781825730574
668074391569.5615   0.0002163274111149539
678940681269.6099   0.0001057911609267246
689983712143.0026   4.925721488180182e-05
701206358900.7177   2.167853610719891e-05
712611543011.1731   8.93783481444534e-06
724202233460.7316   3.413280106141611e-06
735981447526.5786   1.1900657998537982e-06
747952251562.1798   3.717346312567019e-07
760117761795.5322   1.0143475541890564e-07
772481145140.3416   2.3348760906569638e-08
785045620020.4509   4.31099038338547e-09
797814457207.6613   5.911807756165869e-10
810790980673.1694   5.3079771852510275e-11
823978568452.8511   2.499428486291457e-12
837380653526.6472   4.4767636285674583e-14
851000724712.2246   1.6749034664954984e-16
864842327573.1744   0.0
878909065341.9963   0.0
893204599858.096   0.0
907732652521.0242   0.0
922497005259.2174   0.0
937501501514.527   0.0
952750047242.73   0.0
968246611930.3114   0.0
983995229627.8207   0.0
1000000000000.0   0.0
