# `D+` Integrated Spectrum / 1/GeV - 2024/07/19 13:13:33
# Nucleus:
#     n = 1e+14 1/cm**3
#     d = 1e+15 cm
# Energy / GeV # Spectrum / 1/GeV
100000.0   1.1997518610041589e+20
101626.50893929951   1.1648515733489494e+20
103279.47319189525   1.1309640233212907e+20
104959.32305582266   1.098059902362229e+20
106666.49582795388   1.0661107475695108e+20
108401.43591783309   1.0350889173790456e+20
110164.59496336569   1.004967567943016e+20
111956.43194838794   9.75720630184803e+19
113777.41332214902   9.47322787511409e+19
115628.01312073754   9.197494541646052e+19
117508.71309048076   8.929767541926203e+19
119420.00281335325   8.669815010245932e+19
121362.37983442418   8.417411776306468e+19
123336.34979137748   8.172339172508226e+19
125342.42654613995   7.934384846766454e+19
127381.13231864785   7.703342580695674e+19
129452.9978227916   7.479012113008992e+19
131558.56240457052   7.261198967983798e+19
133698.37418249453   7.0497142888489206e+19
135872.9901902709   6.844374675952567e+19
138082.97652180924   6.645002029574712e+19
140328.9084785873   6.451423397250787e+19
142611.37071941298   6.26347082547797e+19
144930.9574126215   6.080981215678821e+19
147288.27239075018   5.903796184300257e+19
149683.92930772554   5.7317619269300806e+19
152118.55179861048   5.5647290863156036e+19
154592.77364194786   5.4025526241731674e+19
157107.2389247449   5.245091696679959e+19
159662.6022101425   5.092209533542669e+19
162259.5287078087   4.943773320540912e+19
164898.69444710648   4.799654085445665e+19
167580.78645307687   4.659726587216254e+19
170306.50292528427   4.523869208382095e+19
173076.55341957242   4.391963850517827e+19
175891.65903277326   4.2638958327235125e+19
178752.55259042355   4.139553793023592e+19
181659.97883753286   4.018829592601159e+19
184614.69463245457   3.901618222786244e+19
187617.46914391196   3.787817714719236e+19
190669.0840512252   3.6773290516129145e+19
193770.3337477989   3.5700560835383443e+19
196922.02554791735   3.46590544466258e+19
200124.9798969035   3.364786472867735e+19
203380.030584698   3.26661113168317e+19
206688.0249629082   3.1712939344646242e+19
210049.82416539153   3.078751870755608e+19
213466.30333242455   2.9889043347686814e+19
216938.35183851823   2.9016730559257407e+19
220466.87352394077   2.816982031398192e+19
224052.7869300018   2.734757460589823e+19
227697.025538168   2.654927681506372e+19
231400.5380130654   2.5774231089578787e+19
235164.2884494351   2.5021761745410826e+19
238989.25662310477   2.4291212683508597e+19
242876.43824604506   2.3581946823709606e+19
246826.84522556924   2.2893345554960114e+19
250841.50592775413   2.222480820137726e+19
254921.46544514256   2.157575150369997e+19
259067.78586880062   2.094560911568607e+19
263281.546564802   2.0333831115026063e+19
267563.84445520455   1.973988352835754e+19
271915.7943036019   1.9163247869973676e+19
276338.52900531725   1.8603420693833757e+19
280833.199882317   1.8059913158492318e+19
285400.97698292375   1.7532250604576268e+19
290043.04938639916   1.7019972144449577e+19
294760.62551248586   1.6522630263714255e+19
299554.9334359816   1.603979043420818e+19
304427.22120642994   1.5571030738168863e+19
309378.7571730137   1.51159415032418e+19
314410.8303147265   1.4674124948022497e+19
319524.7505759214   1.4245194837827838e+19
324721.8492073132   1.3828776150403557e+19
330003.4791125282   1.342450475128162e+19
335371.01520029287   1.303202707850965e+19
340825.85474234517   1.2650999836483396e+19
346369.41773717344   1.2281089698619367e+19
352003.14727966825   1.1921973018613883e+19
357728.50993678696   1.1573335550041119e+19
363546.99612933176   1.1234872174049935e+19
369460.12051993026   1.0906286634926938e+19
375469.4224073337   1.058729128329836e+19
381576.46612712526   1.0277606826751537e+19
387782.84145894536   9.976962087661916e+18
394090.16404034477   9.685093768018082e+18
400500.07578736113   9.401746221043593e+18
407014.2453219439   9.126671229419125e+18
413634.3684063278   8.859627789915374e+18
420362.1683844718   8.600381904251681e+18
427199.3966306777   8.348706376001077e+18
434147.8330055092   8.104380613367294e+18
441209.286319119   7.867190437664918e+18
448385.59480211907   7.636927897337733e+18
455678.6265841069   7.413391087355967e+18
463090.2801799737   7.196383973837239e+18
470622.48498412815   6.985716223740447e+18
478277.20177274855   6.781203039486659e+18
486056.42321421386   6.582664998364466e+18
493962.1743878326   6.389927896582049e+18
501996.51331100793   6.202822597831881e+18
510161.5314749834   6.021184886237752e+18
518459.3543892913   5.844855323557974e+18
526892.1421350677   5.673679110521491e+18
535462.0899273613   5.507505952178032e+18
544171.4286865888   5.346189927146256e+18
553022.42561929   5.189589360647338e+18
562017.3848083188   5.037566701214939e+18
571158.6478126434   4.889988400975167e+18
580448.5942768984   4.746724799393574e+18
589889.6425508494   4.6076500103891016e+18
599484.2503189408   4.472641812717604e+18
609234.9152400711   4.341581543530791e+18
619144.1755977848   4.214353995018539e+18
629214.610961035   4.09084731404572e+18
639448.8428556937   3.970952904696973e+18
649849.5354469889   3.854565333645359e+18
660419.3962330305   3.741582238263463e+18
671161.1767496286   3.631904237397457e+18
682077.6732865692   3.5254348447273206e+18
693171.72761554   3.4220803846384727e+18
704446.2277299037   3.3217499105320735e+18
715904.1085964888   3.2243551255037727e+18
727548.3529196233   3.129810305322097e+18
739381.9919175874   3.038032223640238e+18
751408.1061116962   2.9489400793765596e+18
763629.8261282241   2.8624554262010527e+18
776050.3335133571   2.778502104067021e+18
788672.8615614156   2.697006172728591e+18
801500.6961565414   2.61789584718679e+18
814537.1766280737   2.5411014350083185e+18
827785.6966198472   2.4665552754628265e+18
841249.7049736119   2.3941916804261617e+18
854932.7066268384   2.3239468769983754e+18
868838.2635251193   2.2557589517869266e+18
882969.9955494083   2.1895677968068818e+18
897331.5814583519   2.1253150569512696e+18
911926.7598459298   2.0629440789862354e+18
926759.3301146884   2.0023998620267133e+18
941833.153464796   1.9436290094498688e+18
957152.1538991856   1.8865796822046172e+18
972720.3192450537   1.8312015534767987e+18
988541.7021919574   1.77744576467081e+18
1004620.4213468132   1.7252648826694625e+18
1020960.6623060475   1.6746128583351204e+18
1037566.6787451849   1.625444986216143e+18
1054442.7935261684   1.577717865423678e+18
1071593.3998226712   1.531389361644989e+18
1089022.9622637306   1.486418570260268e+18
1106736.0180959746   1.4427657805310438e+18
1124737.1783647507   1.4003924408290998e+18
1143031.1291144786   1.35926112487573e+18
1161622.632608502   1.3193354989621102e+18
1180516.5285688057   1.2805802901222687e+18
1199717.7354358856   1.2429612552310728e+18
1219231.2516491094   1.2064451510004413e+18
1239062.1569479157   1.1709997048476792e+18
1259215.613694151   1.1365935866107302e+18
1279696.8682159416   1.1031963810856908e+18
1300511.2521734098   1.0707785613628132e+18
1321664.1839466037   1.0393114629378098e+18
1343161.1700460154   1.00876725857595e+18
1365007.8065460138   9.791189339071868e+17
1387209.780541621   9.503402637310021e+17
1409772.8716289676   9.224057890104581e+17
1432702.9534098294   8.952907945354322e+17
1456005.9950206485   8.689712872355948e+17
1479688.0626863963   8.434239751243404e+17
1503755.3212997385   8.186262468552695e+17
1528214.0360258708   7.945561518735183e+17
1553070.5739334584   7.711923811446364e+17
1578331.4056521165   7.485142484442353e+17
1604003.1070568198   7.265016721921784e+17
1630092.3609797412   7.051351578154368e+17
1656605.9589499151   6.843957806243085e+17
1683550.8029612007   6.642651691870746e+17
1710933.9072690133   6.44725489188619e+17
1738762.4002162504   6.257594277589699e+17
1767043.5260889467   6.073501782580902e+17
1795784.6470020968   5.89481425503687e+17
1824993.2448161505   5.721373314291553e+17
1854676.9230846975   5.5530252115916506e+17
1884843.4090337954   5.3896206949077395e+17
1915500.555573528   5.231014877682492e+17
1946656.3433422633   5.07706711140187e+17
1978318.8827841622   4.927640861878116e+17
2010496.416260497   4.78260358913652e+17
2043197.3201952705   4.641826630801607e+17
2076430.1072557748   4.5051850888805485e+17
2110203.4285685965   4.372557719845353e+17
2144526.0759716653   4.24382682791792e+17
2179406.984302954   4.118878161464648e+17
2214855.2337263594   3.9976008124105216e+17
2250880.0520954616   3.879887118584485e+17
2287490.817355704   3.765632568911169e+17
2324697.0599856456   3.6547357113660685e+17
2362508.4654779453   3.547098063613756e+17
2400934.8768606517   3.442624026251278e+17
2439986.29725955   3.341220798580723e+17
2479672.8925021603   3.242798296837537e+17
2520004.9937640894   3.1472690748031424e+17
2560993.1002584565   3.054548246732354e+17
2602647.8819690044   2.964553412528489e+17
2644980.1824277197   2.877204585100507e+17
2688001.0215376075   2.7924241198388464e+17
2731721.5984413736   2.710136646148253e+17
2776153.294436798   2.6302690009776736e+17
2821307.6759394705   2.5527501642892694e+17
2867196.49749377   2.4775111964098528e+17
2913831.7048327886   2.4044851772101616e+17
2961225.4379880317   2.333607147058638e+17
3009390.0344497245   2.2648140494980656e+17
3058338.032378432   2.19804467559505e+17
3108082.173869064   2.133239609913286e+17
3158635.408267819   2.0703411780637677e+17
3210010.8955431683   2.0092933957856566e+17
3262222.009711673   1.9500419195133862e+17
3315282.3423194233   1.892533998386802e+17
3369205.705980267   1.8367184276620045e+17
3424006.1379714254   1.7825455034824845e+17
3479697.903887688   1.7299669789705962e+17
3536295.5013550464   1.6789360216010502e+17
3593813.6638046256   1.6294071718191418e+17
3652267.3643081756   1.5813363028671795e+17
3711671.8194757667   1.5346805817842765e+17
3772042.4934169934   1.4893984315449878e+17
3833395.1017666054   1.445449494303755e+17
3895745.615775501   1.4027945957129846e+17
3959110.266468459   1.361395710283248e+17
4023505.548869293   1.3212159277555037e+17
4088948.2262948644   1.2822194204556157e+17
4155455.3347188793   1.2443714116026434e+17
4223044.1872066725   1.207638144543071e+17
4291732.378422158   1.1719868528839522e+17
4361537.789208006   1.1373857314988283e+17
4432478.5912404   1.1038039083808747e+17
4504573.251759463   1.0712114173186342e+17
4577840.538376616   1.039579171370338e+17
4652299.523960189   1.008878937113479e+17
4727969.591600391   9.790833096471053e+16
4804870.439655134   9.501656883247882e+16
4883022.086877885   9.221002531970002e+16
4962444.877628913   8.948619421422043e+16
5043159.487171358   8.684264286665317e+16
5125186.927053332   8.427701003525893e+16
5208548.550577666   8.178700379384005e+16
5293266.058360566   7.937039950081232e+16
5379361.503980698   7.702503782766877e+16
5466857.299720181   7.474882284510074e+16
5555776.222398878   7.253972016509598e+16
5646141.419303672   7.03957551373772e+16
5737976.41421414   6.831501109859442e+16
5831305.113526219   6.629562767273573e+16
5926151.812475553   6.433579912125395e+16
6022541.201461928   6.243377274146562e+16
6120498.372476703   6.05878473118057e+16
6220048.825634718   5.879637158257421e+16
6321218.475812448   5.705774281084542e+16
6424033.659394191   5.537040533824789e+16
6528521.141127847   5.3732849210367256e+16
6634708.121092351   5.214360883655193e+16
6742622.241778349   5.060126168894388e+16
6852291.595284058   4.910442703958842e+16
6963744.730628222   4.765176473450967e+16
7077010.6611818895   4.624197400367384e+16
7192118.872221193   4.487379230578886e+16
7309099.328602918   4.3545994206925256e+16
7427982.48256491   4.22573902919681e+16
7548799.281653431   4.100682610794142e+16
7671581.176779302   3.9793181138274696e+16
7796360.130405237   3.8615367807104584e+16
7923168.624866262   3.747233051273651e+16
8052039.670825469   3.636304468941264e+16
8183006.81586739   3.5286515896558292e+16
8316104.153230961   3.424177893470593e+16
8451366.330684721   3.3227896987313384e+16
8588828.559546258   3.224396078772217e+16
8728526.623848371   3.1289087810519304e+16
8870496.889654404   3.0362421486589332e+16
9014776.314524917   2.946313044116497e+16
9161402.457138522   2.8590407754201748e+16
9310413.487069085   2.7743470242425612e+16
9461848.194721993   2.6921557762418856e+16
9615746.001432095   2.612393253412872e+16
9772146.969725724   2.5349878484202624e+16
9931091.813749801   2.4598700608568344e+16
10092621.909870485   2.386972435369748e+16
10256779.307444207   2.316229501600499e+16
10423606.739764012   2.2475777158854104e+16
10593147.6351837   2.1809554046652656e+16
10765446.128423158   2.116302709553881e+16
10940547.072057435   2.0535615340172444e+16
11118496.048192699   1.9926754916160096e+16
11299339.380332217   1.9335898557655748e+16
11483124.145435112   1.8762515109694464e+16
11669898.186171474   1.8206089054826004e+16
11859710.123376707   1.7666120053631156e+16
12052609.368708413   1.714212249871397e+16
12248646.137509307   1.6633625081774956e+16
12447871.461879062   1.6140170373383536e+16
12650337.203959038   1.5661314415076468e+16
12856096.069432965   1.5196626323422264e+16
13065201.621247198   1.4745687905701172e+16
13277708.293554291   1.4308093286860034e+16
13493671.405883064   1.388344854741291e+16
13713147.177539457   1.3471371371965592e+16
13936192.742241435   1.3071490708053928e+16
14162866.162991975   1.26834464349934e+16
14393226.447194064   1.230688904244664e+16
14627333.5620113   1.1941479318424776e+16
14865248.449978571   1.158688804644552e+16
15107033.044866556   1.1242795711580218e+16
15352750.28780421   1.0908892215129432e+16
15602464.143663712   1.0584876597673788e+16
15856239.61771137   1.027045677025582e+16
16114142.772530198   9965349253452684.0
16376240.74521689   9669278924110628.0
16642601.764859019   9381978769515100.0
16913295.170296505   9103189648779150.0
17188391.428171456   8832660061239092.0
17467962.151272457   8570145921650646.0
17752080.11717636   8315410341987940.0
18040819.28719381   8068223419650512.0
18334254.825622927   7828362031890851.0
18632463.1193156   7595609636280710.0
18935521.797562953   7369756077037835.0
19243509.75230332   7150597397042784.0
19556507.15865947   6937935655377846.0
19874595.495809857   6731578750226562.0
20197857.568198785   6531340246977056.0
20526377.52709252   6337039211375455.0
20860240.89248505   6148500047582655.0
21199534.57536069   5965552340989575.0
21544346.900318865   5788030705651677.0
21894767.628566206   5615774636207617.0
22250887.981283695   5448628364149609.0
22612800.663372796   5286440718318894.0
22980599.887588486   5129064989501513.0
23354381.399064817   4976358799004403.0
23734242.50023866   4828183971095344.0
24120282.07618007   4684406409192554.0
24512600.6203334   4544895975694895.0
24911300.26067786   4409526375345093.5
25316484.786313582   4278175042022535.0
25728259.67447932   4150723028865306.0
26146732.11801092   4027054901622987.0
26572011.053245068   3907058635146298.0
27004207.1883777   3790625512920791.0
27443433.032283682   3677650029555507.0
27889802.923804395   3568029796140043.5
28343433.061513092   3461665448385276.0
28804441.53396298   3358460557466663.0
29272948.35042813   3258321543490249.5
29749075.472144436   3161157591504580.0
30232946.844057765   3066880569983900.5
30724688.427090034   2975404951709636.0
31224428.230928577   2886647736980253.0
31732296.34734973   2800528379080686.0
32248424.984084453   2716968711945144.0
32772948.49923382   2635892879948989.0
33306003.436245885   2557227269766749.0
33847728.55945983   2480900444236092.5
34398264.89022921   2406843078168398.5
34957755.743632786   2334987896048905.0
35526346.765781395   2265269611571044.0
36104185.97173338   2197624868950707.5
36691423.78402494   2131992185968582.5
37288213.0718283   2068311898689423.0
37894709.19074672   2006526107809114.5
38511070.02325569   1946578626581810.0
39137456.01980384   1888414930280346.2
39774030.240580365   1831982107145322.0
40420958.39796302   1777228810778716.8
41078408.89965651   1724105213939733.5
41746552.89253135   1672562963701729.0
42425564.307177775   1622555137929949.8
43115619.90318228   1574036203041571.8
43816899.31514186   1526961973010085.2
44529585.0994266   1481289569577519.0
45253862.78170167   1436977383639079.5
45989920.90522438   1393985037765511.2
46737951.079924636   1352273349829962.8
47498148.032284945   1311804297706703.5
48270709.656031884   1272540985010191.5
49055837.06365045   1234447607844018.8
49853734.63873894   1197489422529787.2
50664610.089212686   1161632714287352.0
51488674.50137487   1126844766838258.8
52326142.394866675   1093093832905254.0
53177231.77850967   1060349105581612.2
54042164.20705915   1028580690544472.0
54921164.838877894   997759579087583.2
55814462.49454955   967857621949182.0
56722289.71644549   938847503911639.4
57644882.82925873   910702719150250.5
58582482.00152536   883397547308944.8
59535331.3081437   856907030281716.5
60503678.79391212   831206949678849.8
61487776.538100295   806273804957846.5
62487880.72006888   782084792199515.0
63504251.68595962   758617783510122.8
64537154.01646702   735851307031319.0
65586856.59571422   713764527539811.9
66653632.6812492   692337227619492.2
67737759.97517745   671549789389167.6
68839520.69645496   651383176769456.6
69959201.65435374   631818918273082.2
71097094.32312424   612839090303048.9
72253494.91787222   594426300943793.0
73428704.47166757   576563674230801.6
74623028.91391107   559234834884526.4
75836779.1499719   542423893495030.3
77070271.14212288   526115432143984.5
78323825.99179204   510294490451179.25
79597770.02314977   494946552033059.4
80892434.86805938   480057531361072.44
82208157.5524054   465613761008138.0
83545280.58382854   451601979271730.25
84904152.04088755   438009318162499.25
86285125.66366887   424823291747685.1
87688560.94587426   412031784838798.25
89114823.22840202   399623042013503.56
90564283.79445294   387585656961788.2
92037319.9661823   375908562146887.5
93534315.20292377   364581018771684.9
95055659.20101191   353592607041565.0
96601747.99522646   342933216715007.7
98172984.06188841   332593037933406.1
99769776.42363212   322562552321897.6
101392540.75588143   312832524353207.1
103041699.49505854   303393992966742.3
104717681.94855203   294238263435423.9
106420924.40647268   285356899472941.0
108151870.25522892   276741715574324.12
109910970.09294961   268384769582968.72
111698681.84678249   260278355477433.5
113515470.8920999   252414996371523.12
115361810.17364761   244787437721343.5
117238180.32865998   237388640733259.25
119145069.81197748   230211775966806.62
121082975.0232037   223250217126791.7
123052400.43592615   216497535039026.34
125053858.72903939   209947491804260.88
127087870.92020595   203594035125051.3
129154966.50148827   197431292800464.2
131255683.57718454   191453567383668.6
133390569.00390586   185655330997605.1
135560178.5329366   180031220304047.56
137765076.9549055   174576031621557.0
140005838.2468096   169284716187919.16
142283045.7214349   164152375562783.8
144597292.17920196   159174257166396.06
146949180.06248203   154345749950381.8
149339321.61242533   149662380196685.75
151768339.02834037   145119807440884.8
154236864.62966305   140713820516203.61
156745541.0205595   136440333714667.1
159295021.25721198   132295383061915.62
161885969.0178199   128275122702348.11
164519058.77536607   124375821391320.12
167194975.9731992   120593859091227.62
169914417.2034626   116925723668429.33
172678090.38843596   113368007687998.34
175486714.9648152   109917405303443.19
178341022.07100064   106570709238562.81
181241754.73742396   103324807858734.12
184189668.07997108   100176682328981.98
187185529.49655753   97123403856255.92
190230118.86689457   94162131013442.98
193324228.7555043   91290107142689.94
196468664.61804485   88504657835684.06
199664245.01097932   85803188488635.95
202911801.80466822   83183181929731.98
206212180.39991444   80642196116937.53
209566239.94804308   78177861904047.88
212974853.57455233   75787880872986.31
216438908.60640204   73470023230382.75
219959306.80300704   71222125766526.34
223536964.59097967   69042089874858.2
227172813.30269027   66927879630207.33
230867799.4187172   64877519924027.06
234622884.81422624   62889094654958.75
238439047.00937253   60960744973069.38
242317279.42376006   59090667576191.16
246258591.6350544   57277113056806.13
250264009.64179218   55518384297991.52
254334576.13046482   53812834916969.625
258471350.74695584   52158867754848.41
262675410.37238383   50554933411193.88
266947849.4034318   48999528822103.41
271289780.037247   47491195880486.66
275702332.56095827   46028520097316.22
280186655.6459201   44610129302621.2
284743916.64672476   43234692385059.555
289375301.90509474   41900918068914.95
294082017.0587067   40607553727418.95
298865287.3550383   39353384231318.16
303726357.97033054   38137230831639.91
308666494.3337274   36957950075648.766
313686982.45668733   35814432755007.46
318789129.2677649   34705602885184.7
323974262.9528195   33630416715191.4
329243733.30077755   32587861766736.812
334598912.0549975   31576955901942.438
340041193.27037024   30596746418757.016
345571993.6762143   29646309173258.9
351192753.0450728   28724747728045.35
356904934.5675222   27831192525932.68
362710025.23306483   26964800088220.633
368609536.2172154   26124752236790.195
374605003.27489966   25310255339324.977
380697987.1402284   24520539576975.46
386890073.9327983   23754858233793.016
393182875.570577   23012487007293.977
399578030.18952656   22292723339519.93
406077202.57003695   21594885767989.996
412682084.57029516   20918313295952.367
419394395.56671774   20262364781359.54
426215882.9015325   19626418344014.035
433148322.3376394   19009870790342.41
440193518.5208879   18412137055271.63
447353305.4498463   17832649660702.977
454629546.9532409   17270858190084.273
462024137.1751313   16726228778606.355
469539001.0680053   16198243618553.44
477176094.89387506   15686400479359.625
484937406.7335233   15190212241931.586
492824957.0040503   14709206446810.99
500840798.98482126   14242924855765.936
508987019.35196745   13790923026409.59
517265738.72160244   13352769899455.697
525679112.2018419   12928047398236.713
534229329.9538363   12516350040114.24
542918617.7618942   12117284559430.043
551749237.6129117   11730469541649.055
560723488.2852038   11355535068362.203
569843705.9469136   10992122372822.928
579112264.7641747   10639883505701.234
588531577.519145   10298481010750.984
598104096.2380931   9967587610092.553
607832312.8297236   9646885898822.102
617718759.7338488   9336068048669.9
627766010.5806513   9034835520434.195
637976680.8606282   8742898784930.152
648353428.6054714   8459977052196.348
658898955.0799956   8185798008713.528
669616005.4853215   7920097562394.906
680507369.6735193   7662619595114.925
691575882.8738525   7413115722552.328
702824426.4308338   7171345061128.472
714255928.5543134   6937074001828.498
725873365.0817245   6710075990701.888
737679760.2527746   6490131315841.681
749678187.4966877   6277026900651.961
761871770.2322984   6070556103215.209
774263682.6811278   5870518521580.702
786857150.6936843   5676719804798.499
799655452.589233   5488971469529.55
812661920.0091945   5307090722069.211
825879938.7844255   5130900285625.289
839312949.8166373   4960228232697.025
852964449.9741017   4794907822407.924
866837993.0019791   4634777342647.696
880937190.4473991   4479679956886.045
895265712.5996382   4329463555522.8906
909827289.4455568   4183980611646.3623
924625711.6405734   4043088041072.6616
939664831.4954672   3906647066546.1484
954948563.9791967   3774523085982.9053
970480887.7380327   3646585544643.841
986265846.131283   3522707811127.285
1002307548.2838644   3402767057074.8643
1018610170.1559774   3286644140487.6963
1035177955.6301762   3174223492553.0547
1052015217.6161569   3065393007884.4507
1069126339.1734772   2960043938081.9746
1086515774.6525373   2858070788521.634
1104188050.854158   2759371218285.2266
1122147768.2079802   2663845943145.5327
1140399601.9700353   2571398641523.2773
1158948303.4398117   2481935863334.8447
1177798701.197118   2395366941652.055
1196955702.3590453   2311603907097.4375
1216424293.857368   2230561404900.158
1236209543.7367666   2152156614539.5728
1256316602.4741216   2076309171905.6792
1276750704.3192644   2002941093906.9019
1297517168.6575842   1931976705457.1985
1318621401.3947484   1863342568776.5923
1340068896.3639534   1796967414940.06
1361865236.7560828   1732782077611.2708
1384016096.5731301   1670719428899.1274
1406527242.1052392   1610714317276.2632
1429404533.431761   1552703507499.8037
1452653925.9467783   1496625622475.7285
1476281471.909391   1442421087009.7651
1500293322.0192168   1390032073388.4185
1524695727.0175698   1339402448734.8315
1549495039.3146317   1290477724085.6216
1574697714.64309   1243205005135.4443
1600310313.7387018   1197532944597.2046
1626339504.0481906   1153411696126.9138
1652792061.4648972   1110792869763.2112
1679674872.0926533   1069629488832.4482
1706994934.0384045   1029875948271.2134
1734759359.2339325   991487974319.4701
1762975375.287204   954422585538.1633
1791650327.363896   918638055106.223
1820791680.0994625   884093874353.1344
1850407019.542306   850750717484.0161
1880504055.1285834   818570407455.2487
1911090621.689136   787515882959.7931
1942174681.4890285   757551166482.3845
1973764326.3002553   728641333385.7754
2005867779.50823   700752481990.2136
2038493398.252464   673851704609.6284
2071649675.6020668   647907059508.8237
2105345242.7666996   622887543747.1074
2139588871.3434215   598763066874.9861
2174389475.6000843   575504425451.4731
2209756114.795903   553083278350.6517
2245697995.5397716   531472122827.2538
2282224474.186901   510644271312.06445
2319345059.2744274   490573828908.9696
2357069413.996723   471235671566.4726
2395407358.7208796   452605424897.68335
2434368873.543118   434659443623.6472
2473964100.8868065   417374791615.9265
2514203348.1427965   400729222515.33527
2555097090.3525124   384701160904.81006
2596655972.9348726   369269684015.06335
2638890814.4575076   354414503942.887
2681812609.453018   340115950362.7335
2725432531.281028   326354953713.0991
2769761935.0368853   313113028840.05695
2814812360.507581   300372259081.2256
2860595535.1757507   288115280774.15295
2907123377.272569   276325268173.9071
2954407998.8803797   264985918765.4175
3002461709.0855556   254081438956.90723
3051297017.182871   243596530141.2644
3100926635.9319234   233516375113.05835
3151363484.8664827   223826624829.45477
3202620693.65765   214513385503.89517
3254711605.5318413   205563206021.9708
3307649780.7442427   196963065669.54373
3361449000.1087756   188700362163.61572
3416123268.585518   180762899976.9718
3471686818.9265594   173138878948.09058
3528154115.3808904   165816883168.3136
3585539857.459817   158785870138.5578
3643858983.7635407   152035160188.37653
3703126675.8699307   145554426150.48767
3763358362.286533   139333683284.2336
3824569722.4669914   133363279441.75468
3886776690.892668   127633885471.00027
3949995461.220655   122136485849.94109
4014242490.4993095   116862369546.62006
4079534503.452449   111803121099.92271
4145888496.8329196   106950611916.20654
4213321743.847289   102296991777.05626
4281851798.6524067   97834680553.70415
4351496500.925055   93556360123.7948
4422273980.505897   89454966486.33784
4494202662.119133   85523682070.82938
4567301270.168747   81755928236.6946
4641588833.612792   78145357959.29152
4717084690.917003   74685848698.84302
4793808495.089107   71371495448.76404
4871780218.794641   68196603959.97195
4951020159.556352   65155684137.792656
5031548945.038046   62243443608.21533
5113387538.414331   59454781450.28628
5196557243.827658   56784782091.503456
5281079711.93432   54228709363.12175
5366976945.540476   51782000712.3544
5454271305.329847   49440261568.481766
5542985515.684652   47199259859.92933
5633142670.601352   45054920679.41701
5724766239.70219   43003321094.332664
5817880074.344935   41040685099.48219
5912508413.831869   39163378709.43503
6008675891.719693   37367905187.698006
6106407542.232037   35650900409.977615
6205728806.776487   34009128358.814957
6306665540.567406   32439476746.91542
6409244019.35647   30938952766.505814
6513490946.272782   29504678962.08008
6619433458.774388   28133889223.917442
6727099135.712351   26823924899.79057
6836516004.510239   25572231022.279755
6947712548.460226   24376352649.15774
7060717714.13778   23233931314.320312
7175560918.936921   22142701586.763252
7292272058.728298   21100487735.12826
7410881515.64157   20105200495.37245
7531420165.974391   19154833939.13347
7653919388.230156   18247462440.39013
7778411071.286482   17381237738.046703
7904927622.696437   16554386092.09565
8033501977.124735   15765205531.040161
8164167604.921455   15012063188.284168
8296958520.834915   14293392725.233713
8431909292.866251   13607691838.8765
8569055051.26833   12953519851.638102
8708431497.690723   12329495381.349035
8850074914.473457   11734294089.18369
8994022174.092052   11166646503.465813
9140310748.756224   10625335917.269453
9288978720.164516   10109196357.777655
9440064789.417603   9617110625.39385
9593608287.093126   9148008400.63504
9749649183.484097   8700864416.873692
9908228099.003788   8274696697.027473
10069386314.76025   7868564852.331147
10233165783.302448   7481568441.364166
10399609139.541224   7112845387.539906
10568759711.848051   6761570453.299653
10740661533.334324   6426953769.29142
10915359353.313932   6108239416.8497715
11092898648.952229   5804704062.128613
11273325637.104849   5515655640.274725
11456687286.348726   5240432088.068338
11643031329.208755   4978400123.490933
11832406274.583755   4728954070.716747
12024861420.374123   4491514729.062073
12220446866.31491   4265528284.460148
12419213527.017847   4050465262.0653124
12621213145.22546   3845819518.625738
12826498305.280624   3651107273.298641
13035122446.815088   3465866175.616026
13247139878.661148   3289654409.342679
13462605792.98911   3122049831.003351
13681576279.674706   2962649141.8877172
13904108340.90067   2811067092.374795
14130259905.995337   2666935717.4519577
14360089846.512636   2529903602.3341503
14593657991.557577   2399635177.1208754
14831025143.361029   2275810039.459362
15072253093.107586   2158122304.2128043
15317404637.020798   2046279979.161934
15566543592.710588   1940004365.7972956
15819734815.786015   1839029484.2891002
16077044216.73822   1743101521.748719
16338538778.09857   1651978302.9235194
16604286571.875296   1565428782.4943311
16874356777.273792   1483232558.170422
17148819698.705408   1405179403.8028805
17427746784.089172   1331068821.7625659
17711210643.450905   1260709613.853406
17999285067.824764   1193919470.0556216
18292045048.462902   1130524574.416778
18589566796.356884   1070359227.4319191
18891927762.076645   1013265484.2757053
19199206655.93279   959092808.2712815
19511483468.466164   907697739.0020388
19828839491.270756   858943574.4925461
20151357338.155586   812700066.9050174
20479120966.650833   768843131.2172024
20812215699.863415   727254566.3664162
21150728248.687946   687821788.3626966
21494746734.37976   650437574.8917816
21844360711.494286   614999820.9462036
22199661191.199524   581411305.0392318
22560740664.968544   549579465.5726992
22927693128.656487   519416186.94573605
23300614106.969296   490837595.0064492
23679600678.330788   463763861.46345556
24064751500.154217   438119016.88856363
24456166834.52449   413830771.95575297
24853948574.297985   390830346.57498026
25258200269.627796   369052306.5922808
25669027154.919518   348434407.7403776
26086536176.22556   328917446.5359602
26510836019.085308   310445117.83159935
26942037136.81882   292963878.74158514
27380251779.278633   276422818.67206764
27825594022.07126   260773535.1961415
28278179796.253384   245970015.52503318
28738126918.510693   231968523.3362593
29205555121.82745   218727490.72913197
29680586086.655964   206207415.08713102
30163343472.591972   194370760.6356047
30653952950.56536   183181864.4916675
31152542235.554783   172606847.01141745
31659241119.835205   162613526.24750268
32174181506.763783   153171336.33775836
32697497445.11768   144251249.65280494
33229325163.98968   135825702.53773865
33769803108.25095   127868524.48976627
34319071974.590427   120354870.62018539
34877274748.1417   113261157.25539583
35444556739.70435   106565000.53774527
36021065623.57081   100245157.89277303
36606951475.96891   94281472.2350428
37202366814.13066   88654818.79013619
37807466635.99357   83347054.41559692
38422408460.550606   78340969.308488
39047352368.85556   73620240.99210772
39682461045.69486   69169390.4789451
40327899821.93705   64973740.511371516
40983836717.57253   61019375.78578652
41650442485.45185   57293105.07003125
42327890655.73562   53782425.127745524
43016357581.06782   50475486.3671013
43716022482.48502   47361060.134931624
44427067496.06892   44428507.58074121
45149677720.361015   41667750.01833412
45884041264.54752   39069240.71601682
46630349297.42736   36623938.049344145
47388796097.17651   34323279.953290805
48159579101.92341   32159159.613516428
48942898961.14532   30123902.33908318
49738959587.90078   28210243.561529938
50547968211.91225   26411307.90766753
51370135433.51339   24720589.295810506
52205675278.46986   23131932.007426113
53054805253.69574   21639512.68830715
53917746403.87495   20237823.23547154
54794723369.00293   18921654.527953338
55685964442.86409   17686080.96154306
56591701632.46231   16526445.749344345
57512170718.41614   15438346.95175578
58447611316.336494   14417624.201134674
59398266939.203384   13460346.087989792
60364385060.75864   12562798.17706636
61346217179.925186   11721471.623144612
62344018886.27864   10933052.357745228
63358049926.58241   10194410.819277652
64388574272.40426   9502592.200428128
65435860188.83229   8854807.187797854
66500180304.31105   8248423.169958868
67581811681.6111   7680955.8912084205
68681035889.95322   7150061.529355092
69798139078.30638   6653529.176883828
70933412049.8799   6189273.7058121115
72087150337.8215   5755328.997476641
73259654282.1523   5349841.519362438
74451229107.95128   4971064.231936872
75662185004.81062   4617350.809250751
76892837207.58305   4287150.157836395
78143506078.44527   3979001.2191647775
79414517190.2934   3691528.041625669
80706201411.49524   3423435.1086595384
82018894992.02211   3173502.910308139
83352939650.98187   2940583.7460588496
84708682665.5742   2723597.7474380885
86086476961.49245   2521529.10936187
87486681204.79897   2333422.519779337
88909659895.29167   2158379.777650286
90355783461.3892   1995556.5897762899
91825428356.56264   1844159.5374634385
93318977157.33238   1703443.2044325434
94836818662.85947   1572707.4578078066
96379347996.15796   1451294.874412461
97946966706.95386   1338588.3049785509
99540082876.2154   1234008.5692387314
101159111222.38298   1137012.2752115312
102804473209.33076   1047089.7563190698
104476597156.08052   963763.1202891693
106175918348.2999   886584.404090516
107902879151.61813   815133.8294330331
109657929126.78099   749018.1536361568
111441525146.67905   687869.110924219
113254131515.28127   631341.9394532524
115096220088.50311   579113.9896069202
116968270397.03871   530883.4093212788
118870769771.19032   486367.902409476
120804213467.73265   445303.5560587096
122769104798.83604   407443.7338638003
124765955263.08685   372558.03094377066
126795284678.64313   340431.28786149435
128857621318.5518   310862.66023197473
130953502048.26704   283664.74106172536
133083472465.40761   258662.7330114398
135248087041.7874   235693.66791651287
137447909267.75394   214605.67103534658
139683511798.87396   195257.26762411918
141955476605.00986   177516.72955915885
144264395121.8159   161261.45984471173
146610868404.6983   146377.412954508
148995507285.28506   132758.5490608909
151418932530.4352   120306.3203055074
153881775003.83496   108929.18736064449
156384675830.2248   98542.16462081736
158928286562.29764   89066.39245025265
161513269350.3093   80428.73499363386
164140297114.44666   72561.40213512469
166810053720.00558   65401.59426448423
169523234155.41214   58891.168579257166
172280544713.13922   52976.325718575485
175082703173.572   47607.315587385936
177930438991.85773   42738.161290050295
180824493487.79553   38326.40014928568
183765620038.81723   34332.8408406262
186754584276.10742   30721.335724044893
189792164283.91034   27458.567503227798
192879150802.07776   24513.84938935407
196016347431.91818   21858.937990249753
199204570845.38712   19467.858187585094
202444650997.68018   17316.739304405917
205737431343.29074   15383.661902912972
209083769055.575   13648.514588112072
212484535249.88873   12092.860226798326
215940615210.35675   10699.811023467497
219452908620.33115   9453.911925215356
223022329796.5941   8341.03185657826
226649807927.3693   7348.2623126627495
230336287314.21265   6463.822864889538
234082727617.82944   5676.973158315883
237890104107.8891   4977.931002839844
241759407916.91235   4357.796182722699
245691646298.27902   3808.4796298445635
249687842888.4332   3322.637625979167
253749037973.35718   2893.6107182095657
257876288759.37982   2515.367049453624
262070669648.38553   2182.449822970739
266333272517.49808   1889.9286357333049
270665207003.32358   1633.3544307114878
275067600790.80676   1408.7178324851066
279541599906.7865   1212.410644194045
284088369018.3295   1041.1902967160495
288709091735.92346   892.147053150333
293404970921.5793   762.6737832252616
298177229001.96735   650.4381331673352
303027108286.63934   553.3569269076002
307955871291.423   469.5726442800718
312964801067.0751   397.43183112003277
318055201533.2913   335.46530492355174
323228397818.13806   282.37002801088113
328485736603.0054   236.99252796724224
333828586473.17505   198.3137525405511
339258338274.0992   165.43525317771304
344776405473.44714   137.56659800118808
350384224529.06757   114.01392128463975
356083255262.9274   94.16952240135953
361874981241.1284   77.50243280721406
367760910160.1031   63.549874899483264
373742574239.10565   51.90954158017666
379821530619.0736   42.23263006277131
385999361767.9779   34.21756790864232
392277675892.77075   27.604373477681488
398658107358.0439   22.169596939382266
405142317111.4656   17.721791728676553
411731993116.1679   14.097469856447683
418428850790.1576   11.157497809140065
425234633452.86865   8.783892904903523
432151112778.9762   6.876982925349141
439180089259.6077   5.352894621548529
446323392671.03973   4.141339309229672
453582882551.02   3.183666229230339
460960448682.842   2.431156662828893
468458011587.3045   1.8435339648717615
476077523022.63776   1.3876667177326043
483820966492.5957   1.0364441226407037
491690357762.8021   0.7678045378961803
499687745385.4889   0.5638997515743855
507815211232.7671   0.4103791450351438
516074871038.5897   0.29577936819313944
524468874949.5119   0.2110065130549244
532999408084.4104   0.14889904305854046
541668691103.31354   0.1038609165827809
550478980785.4968   0.07155543783083725
559432570616.9388   0.04865138125087997
568531791387.3754   0.03261387062804137
577779011797.0496   0.021533354601668858
587176639073.3262   0.013986810089116413
596727119597.331   0.00892602737164965
606432939540.8049   0.005588488834779328
616296625513.2942   0.003426950859194671
626320745219.8705   0.002054378278822033
636507908129.5552   0.0012013662302715839
646860766154.6321   0.0006836182148728313
657382014340.9598   0.000377434921053161
668074391569.5615   0.00020150891154792043
678940681269.6099   0.000103618685307701
689983712143.0026   5.107486378851235e-05
701206358900.7177   2.3994358535621644e-05
712611543011.1731   1.0668427745759841e-05
724202233460.7316   4.450567243392772e-06
735981447526.5786   1.7231644335397714e-06
747952251562.1798   6.106653523794285e-07
760117761795.5322   1.9453757273344654e-07
772481145140.3416   5.438674885148444e-08
785045620020.4509   1.291138024207728e-08
797814457207.6613   2.4836531628398734e-09
810790980673.1694   3.6098621262602437e-10
823978568452.8511   3.5517753283763197e-11
837380653526.6472   1.9780416634601185e-12
851000724712.2246   4.778804868509461e-14
864842327573.1744   1.9350655638005177e-16
878909065341.9963   0.0
893204599858.096   0.0
907732652521.0242   0.0
922497005259.2174   0.0
937501501514.527   0.0
952750047242.73   0.0
968246611930.3114   0.0
983995229627.8207   0.0
1000000000000.0   0.0
