# `D+s` Integrated Spectrum / 1/GeV - 2024/07/19 13:13:39
# Nucleus:
#     n = 1e+14 1/cm**3
#     d = 1e+15 cm
# Energy / GeV # Spectrum / 1/GeV
100000.0   1.5135705295003574e+19
101626.50893929951   1.469547326945538e+19
103279.47319189525   1.4268014044011264e+19
104959.32305582266   1.3852958034065635e+19
106666.49582795388   1.3449946316942811e+19
108401.43591783309   1.305863032535389e+19
110164.59496336569   1.267867154963291e+19
111956.43194838794   1.2309741248502706e+19
113777.41332214902   1.1951520168126943e+19
115628.01312073754   1.1603698269211832e+19
117508.71309048076   1.1265974461928387e+19
119420.00281335325   1.0938056348431346e+19
121362.37983442418   1.061965997275856e+19
123336.34979137748   1.0310509577899975e+19
125342.42654613995   1.001033736983139e+19
127381.13231864785   9.718883288314716e+18
129452.9978227916   9.435894784270746e+18
131558.56240457052   9.161126603537342e+18
133698.37418249453   8.894340576830431e+18
135872.9901902709   8.635305415730529e+18
138082.97652180924   8.383796514523024e+18
140328.9084785873   8.139595757724446e+18
142611.37071941298   7.902491333132558e+18
144930.9574126215   7.672277550242401e+18
147288.27239075018   7.448754663874599e+18
149683.92930772554   7.23172870286743e+18
152118.55179861048   7.021011303687297e+18
154592.77364194786   6.816419548817359e+18
157107.2389247449   6.61777580978745e+18
159662.6022101425   6.42490759471258e+18
162259.5287078087   6.237647400211174e+18
164898.69444710648   6.055832567577412e+18
167580.78645307687   5.879305143086247e+18
170306.50292528427   5.707911742312662e+18
173076.55341957242   5.541503418350199e+18
175891.65903277326   5.379935533817455e+18
178752.55259042355   5.223067636543624e+18
181659.97883753286   5.070763338828113e+18
184614.69463245457   4.922890200171687e+18
187617.46914391196   4.779319613379705e+18
190669.0840512252   4.639926693941022e+18
193770.3337477989   4.504590172588492e+18
196922.02554791735   4.373192290950001e+18
200124.9798969035   4.2456187002014976e+18
203380.030584698   4.1217583626358784e+18
206688.0249629082   4.0015034560643354e+18
210049.82416539153   3.884749280968719e+18
213466.30333242455   3.7713941703262085e+18
216938.35183851823   3.6613394020296346e+18
220466.87352394077   3.554489113828898e+18
224052.7869300018   3.4507502207214346e+18
227697.025538168   3.350032334721132e+18
231400.5380130654   3.252247686937735e+18
235164.2884494351   3.1573110519003116e+18
238989.25662310477   3.065139674060429e+18
242876.43824604506   2.975653196412417e+18
246826.84522556924   2.8887735911701053e+18
250841.50592775413   2.8044250924407875e+18
254921.46544514256   2.722534130839252e+18
259067.78586880062   2.6430292699860613e+18
263281.546564802   2.565841144836011e+18
267563.84445520455   2.4909024017842427e+18
271915.7943036019   2.418147640498865e+18
276338.52900531725   2.347513357430561e+18
280833.199882317   2.278937890950933e+18
285400.97698292375   2.212361368072842e+18
290043.04938639916   2.1477256527072968e+18
294760.62551248586   2.084974295412633e+18
299554.9334359816   2.0240524845931735e+18
304427.22120642994   1.9649069991056983e+18
309378.7571730137   1.907486162233172e+18
314410.8303147265   1.8517397969865539e+18
319524.7505759214   1.7976191826963507e+18
324721.8492073132   1.745077012856899e+18
330003.4791125282   1.6940673541873536e+18
335371.01520029287   1.6445456068743178e+18
340825.85474234517   1.596468465962219e+18
346369.41773717344   1.5497938838582932e+18
352003.14727966825   1.5044810339201902e+18
357728.50993678696   1.4604902750950006e+18
363546.99612933176   1.4177831175794388e+18
369460.12051993026   1.3763221894718538e+18
375469.4224073337   1.3360712043873987e+18
381576.46612712526   1.2969949300087316e+18
387782.84145894536   1.2590591575452652e+18
394090.16404034477   1.2222306720747802e+18
400500.07578736113   1.186477223742067e+18
407014.2453219439   1.1517674997898047e+18
413634.3684063278   1.1180710973977902e+18
420362.1683844718   1.0853584973071831e+18
427199.3966306777   1.053601038207167e+18
434147.8330055092   1.0227708918620335e+18
441209.286319119   9.928410389574024e+17
448385.59480211907   9.637852456447831e+17
455678.6265841069   9.355780407643959e+17
463090.2801799737   9.081946937266915e+17
470622.48498412815   8.816111930335485e+17
478277.20177274855   8.558042254207653e+17
486056.42321421386   8.30751155603865e+17
493962.1743878326   8.064300066098459e+17
501996.51331100793   7.828194406779896e+17
510161.5314749834   7.598987407132716e+17
518459.3543892913   7.376477922764849e+17
526892.1421350677   7.160470660955465e+17
535462.0899273613   6.950776010829693e+17
544171.4286865888   6.747209878448982e+17
553022.42561929   6.549593526674975e+17
562017.3848083188   6.357753419669603e+17
571158.6478126434   6.171521071896996e+17
580448.5942768984   5.990732901497684e+17
589889.6425508494   5.81523008790869e+17
599484.2503189408   5.644858433606779e+17
609234.9152400711   5.47946822985628e+17
619144.1755977848   5.3189141263451686e+17
629214.610961035   5.163055004597653e+17
639448.8428556937   5.011753855053896e+17
649849.5354469889   4.864877657710998e+17
660419.3962330305   4.7222972662224845e+17
671161.1767496286   4.583887295356139e+17
682077.6732865692   4.449526011713313e+17
693171.72761554   4.319095227615425e+17
704446.2277299037   4.19248019806602e+17
715904.1085964888   4.069569520699713e+17
727548.3529196233   3.950255038631405e+17
739381.9919175874   3.8344317461221235e+17
751408.1061116962   3.721997696979953e+17
763629.8261282241   3.612853915617011e+17
776050.3335133571   3.5069043106857344e+17
788672.8615614156   3.404055591219688e+17
801500.6961565414   3.304217185206665e+17
814537.1766280737   3.207301160523624e+17
827785.6966198472   3.113222148165097e+17
841249.7049736119   3.021897267698902e+17
854932.7066268384   2.9332460548844717e+17
868838.2635251193   2.8471903913913994e+17
882969.9955494083   2.763654436557396e+17
897331.5814583519   2.6825645611265152e+17
911926.7598459298   2.6038492829105747e+17
926759.3301146884   2.527439204317832e+17
941833.153464796   2.4532669516950557e+17
957152.1538991856   2.3812671164304128e+17
972720.3192450537   2.3113761977661763e+17
988541.7021919574   2.243532547271845e+17
1004620.4213468132   2.177676314929454e+17
1020960.6623060475   2.1137493967844784e+17
1037566.6787451849   2.0516953841169683e+17
1054442.7935261684   1.9914595140888454e+17
1071593.3998226712   1.932988621824688e+17
1089022.9622637306   1.8762310938843507e+17
1106736.0180959746   1.8211368230871946e+17
1124737.1783647507   1.7676571646487264e+17
1143031.1291144786   1.7157448935915866e+17
1161622.632608502   1.665354163394057e+17
1180516.5285688057   1.61644046584008e+17
1199717.7354358856   1.5689605920360707e+17
1219231.2516491094   1.5228725945606688e+17
1239062.1569479157   1.4781357507145446e+17
1259215.613694151   1.4347105268384733e+17
1279696.8682159416   1.3925585436685635e+17
1300511.2521734098   1.3516425426986794e+17
1321664.1839466037   1.3119263535207955e+17
1343161.1700460154   1.273374862114911e+17
1365007.8065460138   1.2359539800610595e+17
1387209.780541621   1.199630614646553e+17
1409772.8716289676   1.1643726398425843e+17
1432702.9534098294   1.1301488681249312e+17
1456005.9950206485   1.0969290231142502e+17
1479688.0626863963   1.0646837130122448e+17
1503755.3212997385   1.0333844048105376e+17
1528214.0360258708   1.0030033992498674e+17
1553070.5739334584   9.7351380650783e+16
1578331.4056521165   9.448895225939962e+16
1604003.1070568198   9.171052064319157e+16
1630092.3609797412   8.90136257608015e+16
1656605.9589499151   8.639587947680664e+16
1683550.8029612007   8.385496346424134e+16
1710933.9072690133   8.138862716816838e+16
1738762.4002162504   7.899468582853094e+16
1767043.5260889467   7.667101856055645e+16
1795784.6470020968   7.441556649104736e+16
1824993.2448161505   7.22263309489318e+16
1854676.9230846975   7.010137170849946e+16
1884843.4090337954   6.8038805283792936e+16
1915500.555573528   6.603680327266626e+16
1946656.3433422633   6.409359074906944e+16
1978318.8827841622   6.220744470215703e+16
2010496.416260497   6.037669252085963e+16
2043197.3201952705   5.859971052259934e+16
2076430.1072557748   5.687492252486309e+16
2110203.4285685965   5.520079845839024e+16
2144526.0759716653   5.357585302076475e+16
2179406.984302954   5.199864436923605e+16
2214855.2337263594   5.046777285163091e+16
2250880.0520954616   4.898187977424532e+16
2287490.817355704   4.7539646205644184e+16
2324697.0599856456   4.613979181532305e+16
2362508.4654779453   4.47810737462184e+16
2400934.8768606517   4.3462285520083384e+16
2439986.29725955   4.218225597477085e+16
2479672.8925021603   4.093984823249766e+16
2520004.9937640894   3.973395869818816e+16
2560993.1002584565   3.856351608702116e+16
2602647.8819690044   3.742748048033355e+16
2644980.1824277197   3.6324842409051736e+16
2688001.0215376075   3.525462196385257e+16
2731721.5984413736   3.4215867931275696e+16
2776153.294436798   3.3207656955030456e+16
2821307.6759394705   3.2229092721767036e+16
2867196.49749377   3.127930517059679e+16
2913831.7048327886   3.035744972567244e+16
2961225.4379880317   2.946270655115629e+16
3009390.0344497245   2.859427982792435e+16
3058338.032378432   2.775139705137527e+16
3108082.173869064   2.693330834972628e+16
3158635.408267819   2.613928582220379e+16
3210010.8955431683   2.5368622896546068e+16
3262222.009711673   2.462063370525664e+16
3315282.3423194233   2.389465248006407e+16
3369205.705980267   2.3190032964053828e+16
3424006.1379714254   2.250614784096239e+16
3479697.903887688   2.1842388181129896e+16
3536295.5013550464   2.119816290362749e+16
3593813.6638046256   2.0572898254089296e+16
3652267.3643081756   1.9966037297788336e+16
3711671.8194757667   1.937703942751618e+16
3772042.4934169934   1.880537988583169e+16
3833395.1017666054   1.8250549301261664e+16
3895745.615775501   1.771205323804746e+16
3959110.266468459   1.7189411759040232e+16
4023505.548869293   1.6682159001364932e+16
4088948.2262948644   1.6189842764478114e+16
4155455.3347188793   1.5712024110259738e+16
4223044.1872066725   1.5248276974787724e+16
4291732.378422158   1.4798187791454412e+16
4361537.789208006   1.4361355125095146e+16
4432478.5912404   1.393738931680664e+16
4504573.251759463   1.3525912139144298e+16
4577840.538376616   1.3126556461395744e+16
4652299.523960189   1.2738965924636036e+16
4727969.591600391   1.2362794626280492e+16
4804870.439655134   1.1997706813856776e+16
4883022.086877885   1.16433765877282e+16
4962444.877628913   1.129948761250695e+16
5043159.487171358   1.0965732836903306e+16
5125186.927053332   1.0641814221765628e+16
5208548.550577666   1.0327442476071048e+16
5293266.058360566   1.0022336800635776e+16
5379361.503980698   9726224639319182.0
5466857.299720181   9438841437503204.0
5555776.222398878   9159930407634964.0
5646141.419303672   8889242301625993.0
5737976.41421414   8626535189908100.0
5831305.113526219   8371574246951994.0
5926151.812475553   8124131543059191.0
6022541.201461928   7883985842245026.0
6120498.372476703   7650922406034044.0
6220048.825634718   7424732802995752.0
6321218.475812448   7205214723852884.0
6424033.659394191   6992171801999404.0
6528521.141127847   6785413439270589.0
6634708.121092351   6584754636811334.0
6742622.241778349   6390015830894148.0
6852291.595284058   6201022733542175.0
6963744.730628222   6017606177816726.0
7077010.6611818895   5839601967633447.0
7192118.872221193   5666850731974357.0
7309099.328602918   5499197783367682.0
7427982.48256491   5336492980510638.0
7548799.281653431   5178590594914104.0
7671581.176779302   5025349181451853.0
7796360.130405237   4876631452699925.0
7923168.624866262   4732304156955667.0
8052039.670825469   4592237959828745.0
8183006.81586739   4456307329299696.0
8316104.153230961   4324390424144955.0
8451366.330684721   4196368985629495.0
8588828.559546258   4072128232371948.5
8728526.623848371   3951556758289282.0
8870496.889654404   3834546433530965.0
9014776.314524917   3720992308315450.5
9161402.457138522   3610792519583755.5
9310413.487069085   3503848200388082.0
9461848.194721993   3400063391935328.0
9615746.001432095   3299344958207835.0
9772146.969725724   3201602503086194.5
9931091.813749801   3106748289900626.5
10092621.909870485   3014697163340167.0
10256779.307444207   2925366473650549.5
10423606.739764012   2838676003053807.5
10593147.6351837   2754547894324805.0
10765446.128423158   2672906581461280.5
10940547.072057435   2593678722386414.5
11118496.048192699   2516793133624323.5
11299339.380332217   2442180726890732.0
11483124.145435112   2369774447542908.0
11669898.186171474   2299509214834281.0
11859710.123376707   2231321863921034.5
12052609.368708413   2165151089569380.8
12248646.137509307   2100937391513665.0
12447871.461879062   2038623021417131.2
12650337.203959038   1978151931388251.5
12856096.069432965   1919469724007190.0
13065201.621247198   1862523603818182.5
13277708.293554291   1807262330244845.0
13493671.405883064   1753636171886861.0
13713147.177539457   1701596862157469.5
13936192.742241435   1651097556222584.5
14162866.162991975   1602092789203383.0
14393226.447194064   1554538435605353.0
14627333.5620113   1508391669937938.5
14865248.449978571   1463610928489821.2
15107033.044866556   1420155872226055.5
15352750.28780421   1377987350774164.5
15602464.143663712   1337067367467266.8
15856239.61771137   1297359045413402.2
16114142.772530198   1258826594560735.2
16376240.74521689   1221435279729743.2
16642601.764859019   1185151389583851.0
16913295.170296505   1149942206511077.5
17188391.428171456   1115775977390062.8
17467962.151272457   1082621885214391.8
17752080.11717636   1050450021550265.0
18040819.28719381   1019231359802923.0
18334254.825622927   988937729268184.0
18632463.1193156   959541789946134.5
18935521.797562953   931017008094482.2
19243509.75230332   903337632500067.8
19556507.15865947   876478671447332.5
19874595.495809857   850415870363375.8
20197857.568198785   825125690119791.9
20526377.52709252   800585285971910.5
20860240.89248505   776772487116902.1
21199534.57536069   753665776852484.2
21544346.900318865   731244273318639.6
21894767.628566206   709487710805314.5
22250887.981283695   688376421609363.5
22612800.663372796   667891318424774.9
22980599.887588486   648013877250428.8
23354381.399064817   628726120800236.9
23734242.50023866   610010602400968.8
24120282.07618007   591850390363353.1
24512600.6203334   574229052812693.5
24911300.26067786   557130642965413.6
25316484.786313582   540539684838486.6
25728259.67447932   524441159379074.7
26146732.11801092   508820491001962.8
26572011.053245068   493663534522920.5
27004207.1883777   478956562476292.25
27443433.032283682   464686252805562.7
27889802.923804395   450839676915983.5
28343433.061513092   437404288078553.4
28804441.53396298   424367910175129.7
29272948.35042813   411718726774584.9
29749075.472144436   399445270530313.1
30232946.844057765   387536412889676.6
30724688.427090034   375981354106170.06
31224428.230928577   364769613545485.5
31732296.34734973   353891020276792.1
32248424.984084453   343335703940874.0
32772948.49923382   333094085887014.1
33306003.436245885   323156870570678.94
33847728.55945983   313515037204407.4
34398264.89022921   304159831654413.94
34957755.743632786   295082758575709.0
35526346.765781395   286275573778745.75
36104185.97173338   277730276820741.38
36691423.78402494   269439103815134.5
37288213.0718283   261394520452718.44
37894709.19074672   253589215228251.8
38511070.02325569   246016092866518.78
39137456.01980384   238668267941940.3
39774030.240580365   231539058686095.94
40420958.39796302   224621980977595.34
41078408.89965651   217910742508953.03
41746552.89253135   211399237125275.84
42425564.307177775   205081539329680.94
43115619.90318228   198951898950580.75
43816899.31514186   193004735966046.1
44529585.0994266   187234635480640.3
45253862.78170167   181636342850252.62
45989920.90522438   176204758950548.53
46737951.079924636   170934935584850.88
47498148.032284945   165822071027323.7
48270709.656031884   160861505697487.8
49055837.06365045   156048717962218.3
49853734.63873894   151379320061444.8
50664610.089212686   146849054153951.75
51488674.50137487   142453788479716.88
52326142.394866675   138189513635372.19
53177231.77850967   134052338959465.38
54042164.20705915   130038489024270.94
54921164.838877894   126144300231041.17
55814462.49454955   122366217505633.9
56722289.71644549   118700791091570.69
57644882.82925873   115144673437664.16
58582482.00152536   111694616177415.05
59535331.3081437   108347467197498.56
60503678.79391212   105100167792701.4
61487776.538100295   101949749904771.3
62487880.72006888   98893333442714.5
63504251.68595962   95928123682128.75
64537154.01646702   93051408741262.88
65586856.59571422   90260557131530.28
66653632.6812492   87553015380289.56
67737759.97517745   84926305723768.62
68839520.69645496   82378023868054.84
69959201.65435374   79905836816161.97
71097094.32312424   77507480759215.84
72253494.91787222   75180759029875.3
73428704.47166757   72923540116159.08
74623028.91391107   70733755733888.6
75836779.1499719   68609398956033.836
77070271.14212288   66548522397275.05
78323825.99179204   64549236452158.18
79597770.02314977   62609707585267.86
80892434.86805938   60728156671876.67
82208157.5524054   58902857387594.984
83545280.58382854   57132134645567.7
84904152.04088755   55414363079821.01
86285125.66366887   53747965573402.016
87688560.94587426   52131411829982.516
89114823.22840202   50563216987656.484
90564283.79445294   49041940273679.78
92037319.9661823   47566183698948.1
93534315.20292377   46134590791042.91
95055659.20101191   44745845364705.24
96601747.99522646   43398670328637.84
98172984.06188841   42091826527561.19
99769776.42363212   40824111618485.83
101392540.75588143   39594358980191.65
103041699.49505854   38401436654934.266
104717681.94855203   37244246321429.42
106420924.40647268   36121722298192.68
108151870.25522892   35032830576337.48
109910970.09294961   33976567880963.89
111698681.84678249   32951960760296.0
113515470.8920999   31958064701748.285
115361810.17364761   30993963274123.945
117238180.32865998   30058767295179.305
119145069.81197748   29151614023803.13
121082975.0232037   28271666376082.47
123052400.43592615   27418112164554.855
125053858.72903939   26590163359959.945
127087870.92020595   25787055374825.95
129154966.50148827   25008046368247.688
131255683.57718454   24252416571231.312
133390569.00390586   23519467631998.016
135560178.5329366   22808521980655.96
137765076.9549055   22118922212671.746
140005838.2468096   21450030490584.9
142283045.7214349   20801227963425.215
144597292.17920196   20171914203313.453
146949180.06248203   19561506658736.086
149339321.61242533   18969440124001.484
151768339.02834037   18395166224400.258
154236864.62966305   17838152916606.586
156745541.0205595   17297884003869.938
159295021.25721198   16773858665558.793
161885969.0178199   16265591000635.293
164519058.77536607   15772609584647.64
167194975.9731992   15294457039839.906
169914417.2034626   14830689617994.842
172678090.38843596   14380876795629.521
175486714.9648152   13944600881182.887
178341022.07100064   13521456633837.023
181241754.73742396   13111050893631.41
184189668.07997108   12713002222535.09
187185529.49655753   12326940556152.102
190230118.86689457   11952506865747.785
193324228.7555043   11589352830289.807
196468664.61804485   11237140518207.012
199664245.01097932   10895542078581.293
202911801.80466822   10564239441490.475
206212180.39991444   10242924027234.785
209566239.94804308   9931296464181.414
212974853.57455233   9629066314974.455
216438908.60640204   9335951810862.035
219959306.80300704   9051679593899.863
223536964.59097967   8775984466799.691
227172813.30269027   8508609150195.777
230867799.4187172   8249304047109.294
234622884.81422624   7997827014399.548
238439047.00937253   7753943140993.069
242317279.42376006   7517424532692.32
246258591.6350544   7288050103367.227
250264009.64179218   7065605372342.318
254334576.13046482   6849882267795.5
258471350.74695584   6640678935990.01
262675410.37238383   6437799556167.985
266947849.4034318   6241054160937.555
271289780.037247   6050258461990.318
275702332.56095827   5865233680992.714
280186655.6459201   5685806385496.592
284743916.64672476   5511808329721.887
289375301.90509474   5343076300065.766
294082017.0587067   5179451965199.358
298865287.3550383   5020781730615.844
303726357.97033054   4866916597497.643
308666494.3337274   4717712025775.6
313686982.45668733   4573027801255.575
318789129.2677649   4432727906691.655
323974262.9528195   4296680396689.9326
329243733.30077755   4164757276328.3047
334598912.0549975   4036834383383.34
340041193.27037024   3912791274056.213
345571993.6762143   3792511112094.9346
351192753.0450728   3675880561211.874
356904934.5675222   3562789680698.6143
362710025.23306483   3453131824143.9893
368609536.2172154   3346803541163.0195
374605003.27489966   3243704482047.199
380697987.1402284   3143737305250.2783
386890073.9327983   3046807587624.593
393182875.570577   2952823737327.2803
399578030.18952656   2861696909316.3594
406077202.57003695   2773340923360.5933
412682084.57029516   2687672184488.241
419394395.56671774   2604609605802.24
426215882.9015325   2524074533592.0054
433148322.3376394   2445990674673.5054
440193518.5208879   2370284025891.349
447353305.4498463   2296882805719.203
454629546.9532409   2225717387895.7183
462024137.1751313   2156720237036.132
469539001.0680053   2089825846160.3828
477176094.89387506   2024970676081.2883
484937406.7335233   1962093096597.4048
492824957.0040503   1901133329436.857
500840798.98482126   1842033392900.451
508987019.35196745   1784737048153.4766
517265738.72160244   1729189747117.0854
525679112.2018419   1675338581912.1445
534229329.9538363   1623132235808.9766
542918617.7618942   1572520935638.7456
551749237.6129117   1523456405622.6184
560723488.2852038   1475891822576.9492
569843705.9469136   1429781772453.435
579112264.7641747   1385082208174.4973
588531577.519145   1341750408725.6128
598104096.2380931   1299744939467.1033
607832312.8297236   1259025613629.0527
617718759.7338488   1219553454954.4482
627766010.5806513   1181290661456.0588
637976680.8606282   1144200570254.2764
648353428.6054714   1108247623463.461
658898955.0799956   1073397335095.8413
669616005.4853215   1039616258952.5919
680507369.6735193   1006871957472.6504
691575882.8738525   975132971510.9208
702824426.4308338   944368791018.1139
714255928.5543134   914549826595.3158
725873365.0817245   885647381897.4214
737679760.2527746   857633626859.917
749678187.4966877   830481571724.7268
761871770.2322984   804165041841.0767
774263682.6811278   778658653218.4677
786857150.6936843   753937788809.2552
799655452.589233   729978575499.0233
812661920.0091945   706757861783.7603
825879938.7844255   684253196113.2776
839312949.8166373   662442805880.9451
852964449.9741017   641305577040.5695
866837993.0019791   620821034331.5334
880937190.4473991   600969322094.1833
895265712.5996382   581731185657.674
909827289.4455568   563087953283.2732
924625711.6405734   545021518646.4778
939664831.4954672   527514323841.76404
954948563.9791967   510549342894.4292
970480887.7380327   494110065764.28845
986265846.131283   478180482826.48206
1002307548.2838644   462745069815.12354
1018610170.1559774   447788773215.92584
1035177955.6301762   433296996094.3323
1052015217.6161569   419255584346.05835
1069126339.1734772   405650813357.4319
1086515774.6525373   392469375063.208
1104188050.854158   379698365389.8929
1122147768.2079802   367325272073.06573
1140399601.9700353   355337962837.4396
1158948303.4398117   343724673928.7549
1177798701.197118   332473998986.96124
1196955702.3590453   321574878250.44855
1216424293.857368   311016588081.3855
1236209543.7367666   300788730802.5005
1256316602.4741216   290881224836.0165
1276750704.3192644   281284295135.6566
1297517168.6575842   271988463902.9207
1318621401.3947484   262984541579.17084
1340068896.3639534   254263618105.25742
1361865236.7560828   245817054440.68774
1384016096.5731301   237636474334.6132
1406527242.1052392   229713756341.14246
1429404533.431761   222041026071.7186
1452653925.9467783   214610648677.5083
1476281471.909391   207415221555.03384
1500293322.0192168   200447567268.44003
1524695727.0175698   193700726682.00534
1549495039.3146317   187167952296.7548
1574697714.64309   180842701785.18536
1600310313.7387018   174718631718.3183
1626339504.0481906   168789591479.49536
1652792061.4648972   163049617359.51263
1679674872.0926533   157492926827.8529
1706994934.0384045   152113912974.9381
1734759359.2339325   146907139120.52585
1762975375.287204   141867333583.49744
1791650327.363896   136989384608.4342
1820791680.0994625   132268335444.56615
1850407019.542306   127699379572.77716
1880504055.1285834   123277856076.50208
1911090621.689136   118999245152.48442
1942174681.4890285   114859163757.49323
1973764326.3002553   110853361387.20508
2005867779.50823   106977715983.56857
2038493398.252464   103228229967.10547
2071649675.6020668   99601026390.67914
2105345242.7666996   96092345211.36288
2139588871.3434215   92698539677.1595
2174389475.6000843   89416072825.38922
2209756114.795903   86241514089.65454
2245697995.5397716   83171536012.37967
2282224474.186901   80202911059.99968
2319345059.2744274   77332508537.94177
2357069413.996723   74557291602.60732
2395407358.7208796   71874314367.65292
2434368873.543118   69280719101.90782
2473964100.8868065   66773733516.336365
2514203348.1427965   64350668137.50975
2555097090.3525124   62008913765.12508
2596655972.9348726   59745939011.12262
2638890814.4575076   57559287918.04551
2681812609.453018   55446577654.314926
2725432531.281028   53405496284.14473
2769761935.0368853   51433800609.86085
2814812360.507581   49529314084.45117
2860595535.1757507   47689924792.2008
2907123377.272569   45913583495.3148
2954407998.8803797   44198301744.47371
3002461709.0855556   42542150051.32027
3051297017.182871   40943256120.88939
3100926635.9319234   39399803142.063156
3151363484.8664827   37910028134.15967
3202620693.65765   36472220347.80722
3254711605.5318413   35084719718.29137
3307649780.7442427   33745915369.61537
3361449000.1087756   32454244167.543217
3416123268.585518   31208189319.938686
3471686818.9265594   30006279022.755104
3528154115.3808904   28847085150.079517
3585539857.459817   27729221986.656326
3643858983.7635407   26651345001.37709
3703126675.8699307   25612149660.25497
3763358362.286533   24610370277.444374
3824569722.4669914   23644778902.906586
3886776690.892668   22714184245.36956
3949995461.220655   21817430629.266083
4014242490.4993095   20953396984.37606
4079534503.452449   20120995866.942142
4145888496.8329196   19319172511.072685
4213321743.847289   18546903909.27506
4281851798.6524067   17803197921.01552
4351496500.925055   17087092408.235935
4422273980.505897   16397654396.798254
4494202662.119133   15733979262.864452
4567301270.168747   15095189943.26459
4641588833.612792   14480436168.937271
4717084690.917003   13888893720.56671
4793808495.089107   13319763705.576218
4871780218.794641   12772271855.678783
4951020159.556352   12245667844.209814
5031548945.038046   11739224622.511673
5113387538.414331   11252237774.66778
5196557243.827658   10784024889.91686
5281079711.93432   10333924952.108027
5366976945.540476   9901297745.591024
5454271305.329847   9485523276.961815
5542985515.684652   9086001212.112553
5633142670.601352   8702150328.062155
5724766239.70219   8333407979.072535
5817880074.344935   7979229576.573828
5912508413.831869   7639088082.452191
6008675891.719693   7312473515.273915
6106407542.232037   6998892469.04091
6205728806.776487   6697867644.093067
6306665540.567406   6408937389.794704
6409244019.35647   6131655258.658531
6513490946.272782   5865589571.578873
6619433458.774388   5610322993.862474
6727099135.712351   5365452121.7627
6836516004.510239   5130587079.233222
6947712548.460226   4905351124.6357
7060717714.13778   4689380267.146626
7175560918.936921   4482322892.620968
7292272058.728298   4283839398.6810246
7410881515.64157   4093601838.811043
7531420165.974391   3911293575.2463574
7653919388.230156   3736608940.455371
7778411071.286482   3569252907.0215654
7904927622.696437   3408940765.740301
8033501977.124735   3255397811.752356
8164167604.921455   3108359038.542251
8296958520.834915   2967568839.63696
8431909292.866251   2832780717.8449335
8569055051.26833   2703757001.8806906
8708431497.690723   2580268570.225947
8850074914.473457   2462094582.081541
8994022174.092052   2349022215.268725
9140310748.756224   2240846410.9421654
9288978720.164516   2137369624.980478
9440064789.417603   2038401585.9226751
9593608287.093126   1943759059.3217993
9749649183.484097   1853265618.3900967
9908228099.003788   1766751420.8117874
10069386314.76025   1684052991.6016166
10233165783.302448   1605013011.8899808
10399609139.541224   1529480113.5165782
10568759711.848051   1457308679.3163283
10740661533.334324   1388358648.9831052
10915359353.313932   1322495330.3981428
11092898648.952229   1259589216.3113184
11273325637.104849   1199515806.2646036
11456687286.348726   1142155433.6487417
11643031329.208755   1087393097.7848673
11832406274.583755   1035118300.9240067
12024861420.374123   985224890.0588319
12220446866.31491   937610903.4427419
12419213527.017847   892178421.7125096
12621213145.22546   848833423.5118947
12826498305.280624   807485645.5146205
13035122446.815088   768048446.7461433
13247139878.661148   730438677.1045697
13462605792.98911   694576549.9825082
13681576279.674706   660385518.892376
13904108340.90067   627792157.9988463
14130259905.995337   596726046.4634643
14360089846.512636   567119656.507337
14593657991.557577   538908245.0990438
14831025143.361029   512029749.1761496
15072253093.107586   486424684.30989647
15317404637.020798   462036046.7238383
15566543592.710588   438809218.57836974
15819734815.786015   416691876.4345913
16077044216.73822   395633902.8120275
16338538778.09857   375587300.75608164
16604286571.875296   356506111.33256954
16874356777.273792   338346333.9678793
17148819698.705408   321065849.5547235
17427746784.089172   304624346.2448633
17711210643.450905   288983247.8515861
17999285067.824764   274105644.7861027
18292045048.462902   259956227.4534225
18589566796.356884   246501222.03481963
18891927762.076645   233708328.58533168
19199206655.93279   221546661.37618494
19511483468.466164   209986691.41359285
19828839491.270756   199000191.06672174
20151357338.155586   188560180.73910472
20479120966.650833   178640877.51926008
20812215699.863415   169217645.74771827
21150728248.687946   160266949.43909106
21494746734.37976   151766306.4992369
21844360711.494286   143694244.6790913
22199661191.199524   136030259.2080751
22560740664.968544   128754772.05142517
22927693128.656487   121849092.73724887
23300614106.969296   115295380.7004329
23679600678.330788   109076609.09193693
24064751500.154217   103176530.00337541
24456166834.52449   97579641.05813709
24853948574.297985   92271153.32161164
25258200269.627796   87236960.4843958
25669027154.919518   82463609.27368712
26086536176.22556   77938271.04930681
26510836019.085308   73648714.5420613
26942037136.81882   69583279.69338775
27380251779.278633   65730852.55646917
27825594022.07126   62080841.22013006
28278179796.253384   58623152.718060896
28738126918.510693   55348170.88703667
29205555121.82745   52246735.13892111
29680586086.655964   49310120.112342104
30163343472.591972   46530016.17102828
30653952950.56536   43898510.71682538
31152542235.554783   41408070.28645083
31659241119.835205   39051523.40205427
32174181506.763783   36822044.14665076
32697497445.11768   34713136.4364152
33229325163.98968   32718618.962805174
33769803108.25095   30832610.778372895
34319071974.590427   29049517.501020223
34877274748.1417   27364018.112313617
35444556739.70435   25771052.326334447
36021065623.57081   24265808.50634788
36606951475.96891   22843712.107376367
37202366814.13066   21500414.623541985
37807466635.99357   20231783.01980567
38422408460.550606   19033889.62844119
39047352368.85556   17903002.491318244
39682461045.69486   16835576.12974802
40327899821.93705   15828242.724315803
40983836717.57253   14877803.687773103
41650442485.45185   13981221.614699624
42327890655.73562   13135612.592246775
43016357581.06782   12338238.856869042
43716022482.48502   11586501.782521445
44427067496.06892   10877935.1863603
45149677720.361015   10210198.938507494
45884041264.54752   9581072.86297015
46630349297.42736   8988450.917301957
47388796097.17651   8430335.639077319
48159579101.92341   7904832.847716378
48942898961.14532   7410146.590654673
49738959587.90078   6944574.323283303
50547968211.91225   6506502.312507935
51370135433.51339   6094401.254181409
52205675278.46986   5706822.095059618
53054805253.69574   5342392.050301034
53917746403.87495   4999810.807902388
54794723369.00293   4677846.911810493
55685964442.86409   4375334.315789138
56591701632.46231   4091169.1004454615
57512170718.41614   3824306.3461363968
58447611316.336494   3573757.154775814
59398266939.203384   3338585.8138546823
60364385060.75864   3117907.09626677
61346217179.925186   2910883.6898031686
62344018886.27864   2716723.7504344257
63358049926.58241   2534678.573751993
64388574272.40426   2364040.379178511
65435860188.83229   2204140.2017868375
66500180304.31105   2054345.8867885745
67581811681.6111   1914060.1819667548
68681035889.95322   1782718.9235300326
69798139078.30638   1659789.311062445
70933412049.8799   1544768.2674307865
72087150337.8215   1437180.8796933757
73259654282.1523   1336578.9172251243
74451229107.95128   1242539.4234424578
75662185004.81062   1154663.3776701055
76892837207.58305   1072574.423845008
78143506078.44527   995917.6628991669
79414517190.2934   924358.5058046218
80706201411.49524   857581.5843979192
82018894992.02211   795289.7172309919
83352939650.98187   737202.9278192731
84708682665.5742   683057.5127765713
86086476961.49245   632605.1574396986
87486681204.79897   585612.0966946715
88909659895.29167   541858.3188208918
90355783461.3892   501136.81026909815
91825428356.56264   463252.8393844353
93318977157.33238   428023.27717766026
94836818662.85947   395275.9533346271
96379347996.15796   364849.04573797056
97946966706.95386   336590.50185500295
99540082876.2154   310357.49042232893
101159111222.38298   286015.8819308439
102804473209.33076   263439.7564846742
104476597156.08052   242510.93767473055
106175918348.2999   223118.55117126432
107902879151.61813   205158.6068009274
109657929126.78099   188533.60293235735
111441525146.67905   173152.15204989916
113254131515.28127   158928.6264484004
115096220088.50311   145782.8230329266
116968270397.03871   133639.64625578932
118870769771.19032   122428.80826964916
120804213467.73265   112084.54541969903
122769104798.83604   102545.35024029521
124765955263.08685   93753.71816163961
126795284678.64313   85655.90817061556
128857621318.5518   78201.71670665764
130953502048.26704   71344.26410849084
133083472465.40761   65039.79296100997
135248087041.7874   59247.477723447024
137447909267.75394   53929.24505035218
139683511798.87396   49049.60424586354
141955476605.00986   44575.48731935414
144264395121.8159   40476.09813690023
146610868404.6983   36722.77018806638
148995507285.28506   33288.83251140783
151418932530.4352   30149.483344892775
153881775003.83496   27281.67108911305
156384675830.2248   24663.98219182655
158928286562.29764   22276.5355820691
161513269350.3093   20100.883300809975
164140297114.44666   18119.916992966493
166810053720.00558   16317.77994258095
169523234155.41214   14679.784349151545
172280544713.13922   13192.333558487493
175082703173.572   11842.848976108084
177930438991.85773   10619.701405153624
180824493487.79553   9512.146564023577
183765620038.81723   8510.264551578122
186754584276.10742   7604.903039739269
189792164283.91034   6787.623984737799
192879150802.07776   6050.653659099021
196016347431.91818   5386.835816776011
199204570845.38712   4789.58781365247
202444650997.68018   4252.859514953423
205737431343.29074   3771.0948299631796
209083769055.575   3339.1957228710917
212484535249.88873   2952.488556561208
215940615210.35675   2606.6926337634914
219452908620.33115   2297.8908072049526
223022329796.5941   2022.5020372551558
226649807927.3693   1777.2557820707839
230336287314.21265   1559.168111426834
234082727617.82944   1365.5194412948053
237890104107.8891   1193.8337917998858
241759407916.91235   1041.8594764787433
245691646298.27902   907.5511357811496
249687842888.4332   789.0530325209725
253749037973.35718   684.6835315035962
257876288759.37982   592.920689846319
262070669648.38553   512.3888885762887
266333272517.49808   441.8464399489442
270665207003.32358   380.17410858943936
275067600790.80676   326.364488030998
279541599906.7865   279.51217751453413
284088369018.3295   238.80470703383136
288709091735.92346   203.51416156777395
293404970921.5793   172.98945824456604
298177229001.96735   146.6492328394136
303027108286.63934   123.97529452602879
307955871291.423   104.50661018777387
312964801067.0751   87.83378185467765
318055201533.2913   73.59398297406304
323228397818.13806   61.46632125171426
328485736603.0054   51.167597722304265
333828586473.17505   42.44843352788155
339258338274.0992   35.08973760674414
344776405473.44714   28.899490127223153
350384224529.06757   23.70981804643663
356083255262.9274   19.374340637662062
361874981241.1284   15.765764215085568
367760910160.1031   12.773706595754952
373742574239.10565   10.30273307952186
379821530619.0736   8.270586902402588
385999361767.9779   6.606598230268668
392277675892.77075   5.2502568112511865
398658107358.0439   4.149934399797681
405142317111.4656   3.261744006043701
411731993116.1679   2.5485239138763127
418428850790.1576   1.9789352523086179
425234633452.86865   1.5266626997509427
432151112778.9762   1.1697086518587538
439180089259.6077   0.8897718931649825
446323392671.03973   0.6717024828009394
453582882551.02   0.5030251970803965
460960448682.842   0.3735244682656549
468458011587.3045   0.2748843211576102
476077523022.63776   0.2003773389753787
483820966492.5957   0.1445971888660313
491690357762.8021   0.10322970663935536
499687745385.4889   0.0728579811500884
507815211232.7671   0.050797292390928166
516074871038.5897   0.034956145057257484
524468874949.5119   0.023720002225598176
532999408084.4104   0.015854662796937945
541668691103.31354   0.01042654235321493
550478980785.4968   0.006737410953891389
559432570616.9388   0.00427141407979609
568531791387.3754   0.0026524552560664373
577779011797.0496   0.0016102515731092725
587176639073.3262   0.000953587038775761
596727119597.331   0.0005494841517043277
606432939540.8049   0.00030719204896738925
616296625513.2942   0.00016605078319282038
626320745219.8705   8.643638805377982e-05
636507908129.5552   4.312104702615142e-05
646860766154.6321   2.0497611895513452e-05
657382014340.9598   9.218723851087231e-06
668074391569.5615   3.8886824586655945e-06
678940681269.6099   1.5217764789704592e-06
689983712143.0026   5.448458210863605e-07
701206358900.7177   1.7528155279529518e-07
712611543011.1731   4.9470338087729016e-08
724202233460.7316   1.1855005009538158e-08
735981447526.5786   2.3028880068106423e-09
747952251562.1798   3.3849708147427133e-10
760117761795.5322   3.380621434520796e-11
772481145140.3416   1.926925636611578e-12
785045620020.4509   4.8066775105435126e-14
797814457207.6613   1.966422115329407e-16
810790980673.1694   0.0
823978568452.8511   0.0
837380653526.6472   0.0
851000724712.2246   0.0
864842327573.1744   0.0
878909065341.9963   0.0
893204599858.096   0.0
907732652521.0242   0.0
922497005259.2174   0.0
937501501514.527   0.0
952750047242.73   0.0
968246611930.3114   0.0
983995229627.8207   0.0
1000000000000.0   0.0
