# `K` Integrated Spectrum / 1/GeV - 2024/07/19 13:13:25
# Nucleus:
#     n = 1e+14 1/cm**3
#     d = 1e+15 cm
# Energy / GeV # Spectrum / 1/GeV
100000.0   1.2673112490121566e+24
101626.50893929951   1.2243154460753462e+24
103279.47319189525   1.1826725023516637e+24
104959.32305582266   1.1423420942809144e+24
106666.49582795388   1.1032851736981189e+24
108401.43591783309   1.0654638321963899e+24
110164.59496336569   1.028841261794668e+24
111956.43194838794   9.933817537754703e+23
113777.41332214902   9.590507001039623e+23
115628.01312073754   9.258145716997243e+23
117508.71309048076   8.936408045609993e+23
119420.00281335325   8.624977648099622e+23
121362.37983442418   8.323547475850151e+23
123336.34979137748   8.031819780686649e+23
125342.42654613995   7.74950594421745e+23
127381.13231864785   7.476325526908419e+23
129452.9978227916   7.212005960916254e+23
131558.56240457052   6.956282542052262e+23
133698.37418249453   6.70889843921068e+23
135872.9901902709   6.469604562692397e+23
138082.97652180924   6.238158774366418e+23
140328.9084785873   6.014325620217901e+23
142611.37071941298   5.797876326216951e+23
144930.9574126215   5.5885888082394726e+23
147288.27239075018   5.386247572157498e+23
149683.92930772554   5.190643060940659e+23
152118.55179861048   5.00157142321458e+23
154592.77364194786   4.818834512608605e+23
157107.2389247449   4.642239898188071e+23
159662.6022101425   4.471600789534278e+23
162259.5287078087   4.306735499078395e+23
164898.69444710648   4.147467242326196e+23
167580.78645307687   3.9936241394339475e+23
170306.50292528427   3.845039225338558e+23
173076.55341957242   3.7015503936542456e+23
175891.65903277326   3.562999954960526e+23
178752.55259042355   3.4292344641524655e+23
181659.97883753286   3.300104722642869e+23
184614.69463245457   3.1754657870213066e+23
187617.46914391196   3.0551769263975635e+23
190669.0840512252   2.939101259814945e+23
193770.3337477989   2.8271056063777208e+23
196922.02554791735   2.7190604865209736e+23
200124.9798969035   2.6148401280575876e+23
203380.030584698   2.5143224325488067e+23
206688.0249629082   2.4173886774383446e+23
210049.82416539153   2.3239233850796873e+23
213466.30333242455   2.2338143218273582e+23
216938.35183851823   2.1469525006119167e+23
220466.87352394077   2.0632321529238254e+23
224052.7869300018   1.9825504835822397e+23
227697.025538168   1.904807555407027e+23
231400.5380130654   1.8299062853340552e+23
235164.2884494351   1.757752443060659e+23
238989.25662310477   1.6882546261955788e+23
242876.43824604506   1.6213240577081706e+23
246826.84522556924   1.556874483648956e+23
250841.50592775413   1.4948221659636737e+23
254921.46544514256   1.4350858771680275e+23
259067.78586880062   1.3775868770682399e+23
263281.546564802   1.3222487448219743e+23
267563.84445520455   1.2689972877220688e+23
271915.7943036019   1.217760530799928e+23
276338.52900531725   1.1684687078445612e+23
280833.199882317   1.1210542387908951e+23
285400.97698292375   1.075451589931548e+23
290043.04938639916   1.0315971922906505e+23
294760.62551248586   9.894294284219773e+22
299554.9334359816   9.488886203450771e+22
304427.22120642994   9.099170072161143e+22
309378.7571730137   8.724586285570983e+22
314410.8303147265   8.364592511402165e+22
319524.7505759214   8.018663535856276e+22
324721.8492073132   7.686291119365886e+22
330003.4791125282   7.366983775788914e+22
335371.01520029287   7.060265794198574e+22
340825.85474234517   6.765676584810638e+22
346369.41773717344   6.482770509922571e+22
352003.14727966825   6.21111672377367e+22
357728.50993678696   5.950298955972595e+22
363546.99612933176   5.6999146904722e+22
369460.12051993026   5.459574582340058e+22
375469.4224073337   5.228902280656791e+22
381576.46612712526   5.007534259918199e+22
387782.84145894536   4.7951196104131015e+22
394090.16404034477   4.591319348527119e+22
400500.07578736113   4.3958058991315495e+22
407014.2453219439   4.2082629168390535e+22
413634.3684063278   4.028385115552633e+22
420362.1683844718   3.85587806868408e+22
427199.3966306777   3.690457629867791e+22
434147.8330055092   3.5318494762303517e+22
441209.286319119   3.3797889334139215e+22
448385.59480211907   3.234020808737984e+22
455678.6265841069   3.0942992038134823e+22
463090.2801799737   2.9603870285160264e+22
470622.48498412815   2.832055600565939e+22
478277.20177274855   2.709084478563006e+22
486056.42321421386   2.591261302971433e+22
493962.1743878326   2.478381623073831e+22
501996.51331100793   2.370248489950381e+22
510161.5314749834   2.2666721078094816e+22
518459.3543892913   2.1674696780918058e+22
526892.1421350677   2.072465251260103e+22
535462.0899273613   1.981489569325276e+22
544171.4286865888   1.894379725838681e+22
553022.42561929   1.8109788643825098e+22
562017.3848083188   1.7311360357048921e+22
571158.6478126434   1.6547060621880777e+22
580448.5942768984   1.581549396483342e+22
589889.6425508494   1.5115318383254627e+22
599484.2503189408   1.444524275591289e+22
609234.9152400711   1.3804025554842715e+22
619144.1755977848   1.3190473626186355e+22
629214.610961035   1.2603440936910217e+22
639448.8428556937   1.2041826223978103e+22
649849.5354469889   1.1504570785368354e+22
660419.3962330305   1.0990657334967445e+22
671161.1767496286   1.0499108921497956e+22
682077.6732865692   1.0028987829999087e+22
693171.72761554   9.579393637144173e+21
704446.2277299037   9.149461338890567e+21
715904.1085964888   8.738360345171091e+21
727548.3529196233   8.345293533249319e+21
739381.9919175874   7.969496294772733e+21
751408.1061116962   7.610234932853984e+21
763629.8261282241   7.266805084744128e+21
776050.3335133571   6.938530848948234e+21
788672.8615614156   6.624763965444622e+21
801500.6961565414   6.324882996748243e+21
814537.1766280737   6.038292011470296e+21
827785.6966198472   5.764419263191006e+21
841249.7049736119   5.502716439950081e+21
854932.7066268384   5.252657961284982e+21
868838.2635251193   5.013740280423668e+21
882969.9955494083   4.785480806981797e+21
897331.5814583519   4.5674168064127837e+21
911926.7598459298   4.3591047603273544e+21
926759.3301146884   4.160119768966991e+21
941833.153464796   3.970054961176315e+21
957152.1538991856   3.7885206158618447e+21
972720.3192450537   3.6151432498319144e+21
988541.7021919574   3.449565076815335e+21
1004620.4213468132   3.291443503520022e+21
1020960.6623060475   3.1404506342099696e+21
1037566.6787451849   2.9962725566527077e+21
1054442.7935261684   2.858608589666192e+21
1071593.3998226712   2.727170828791936e+21
1089022.9622637306   2.601683724254474e+21
1106736.0180959746   2.4818836675981423e+21
1124737.1783647507   2.3675184131807495e+21
1143031.1291144786   2.2583464601852953e+21
1161622.632608502   2.154136673450266e+21
1180516.5285688057   2.054667932240628e+21
1199717.7354358856   1.9597287873250895e+21
1219231.2516491094   1.8691169937049502e+21
1239062.1569479157   1.7826390051249953e+21
1259215.613694151   1.7001096594045136e+21
1279696.8682159416   1.6213518877924734e+21
1300511.2521734098   1.546196431957689e+21
1321664.1839466037   1.474481467641039e+21
1343161.1700460154   1.406052192743156e+21
1365007.8065460138   1.3407605675034647e+21
1387209.780541621   1.2784650752162346e+21
1409772.8716289676   1.2190304897660415e+21
1432702.9534098294   1.1623275733211982e+21
1456005.9950206485   1.1082327418449916e+21
1479688.0626863963   1.0566278515393346e+21
1503755.3212997385   1.0074000027531695e+21
1528214.0360258708   9.604413498524711e+20
1553070.5739334584   9.156488589936586e+20
1578331.4056521165   8.72924037381225e+20
1604003.1070568198   8.321727584588545e+20
1630092.3609797412   7.933051018831761e+20
1656605.9589499151   7.5623519862293e+20
1683550.8029612007   7.208810373216999e+20
1710933.9072690133   6.871642458062953e+20
1738762.4002162504   6.550099485254872e+20
1767043.5260889467   6.243466364485315e+20
1795784.6470020968   5.951060413116868e+20
1824993.2448161505   5.67222981155473e+20
1854676.9230846975   5.406351844856662e+20
1884843.4090337954   5.152831744001176e+20
1915500.555573528   4.9111016317770354e+20
1946656.3433422633   4.680619505156308e+20
1978318.8827841622   4.460868005597147e+20
2010496.416260497   4.251353007520679e+20
2043197.3201952705   4.0516026793487316e+20
2076430.1072557748   3.8611666320886386e+20
2110203.4285685965   3.679615098253518e+20
2144526.0759716653   3.5065379546673394e+20
2179406.984302954   3.341543592054003e+20
2214855.2337263594   3.184258156243723e+20
2250880.0520954616   3.0343248624124717e+20
2287490.817355704   2.8914033343518124e+20
2324697.0599856456   2.7551688292251635e+20
2362508.4654779453   2.6253113342578527e+20
2400934.8768606517   2.5015349550582353e+20
2439986.29725955   2.383557364693679e+20
2479672.8925021603   2.2711092732849544e+20
2520004.9937640894   2.1639338139170465e+20
2560993.1002584565   2.0617858222627507e+20
2602647.8819690044   1.9644313445991776e+20
2644980.1824277197   1.8716471962370684e+20
2688001.0215376075   1.783220536675622e+20
2731721.5984413736   1.6989483838452374e+20
2776153.294436798   1.618637040692978e+20
2821307.6759394705   1.542101700272925e+20
2867196.49749377   1.469166092571434e+20
2913831.7048327886   1.3996621449002136e+20
2961225.4379880317   1.3334295981388543e+20
3009390.0344497245   1.2703155510932737e+20
3058338.032378432   1.2101741440865016e+20
3108082.173869064   1.1528662770277666e+20
3158635.408267819   1.0982593384417339e+20
3210010.8955431683   1.0462269026406243e+20
3262222.009711673   9.966483682503097e+19
3315282.3423194233   9.494087051168068e+19
3369205.705980267   9.043982296418804e+19
3424006.1379714254   8.615123889400024e+19
3479697.903887688   8.206515221205844e+19
3536295.5013550464   7.817205739501699e+19
3593813.6638046256   7.446288927078012e+19
3652267.3643081756   7.092900514406788e+19
3711671.8194757667   6.7562167629726e+19
3772042.4934169934   6.43545258522518e+19
3833395.1017666054   6.129859279552852e+19
3895745.615775501   5.838722917947633e+19
3959110.266468459   5.561362925972221e+19
4023505.548869293   5.297130719353608e+19
4088948.2262948644   5.04540822456666e+19
4155455.3347188793   4.8056060894588715e+19
4223044.1872066725   4.5771623988013466e+19
4291732.378422158   4.3595415476400325e+19
4361537.789208006   4.152233159845516e+19
4432478.5912404   3.9547509248205324e+19
4504573.251759463   3.766631185611681e+19
4577840.538376616   3.5874319167977677e+19
4652299.523960189   3.416731831691278e+19
4727969.591600391   3.254129525542385e+19
4804870.439655134   3.0992425614232105e+19
4883022.086877885   2.951706357462324e+19
4962444.877628913   2.811173374301664e+19
5043159.487171358   2.6773124083895964e+19
5125186.927053332   2.5498079139008373e+19
5208548.550577666   2.428359284840466e+19
5293266.058360566   2.3126799789675397e+19
5379361.503980698   2.2024968724330213e+19
5466857.299720181   2.0975497009389294e+19
5555776.222398878   1.9975905236253626e+19
5646141.419303672   1.9023831595602985e+19
5737976.41421414   1.8117024987016614e+19
5831305.113526219   1.7253339897347193e+19
5926151.812475553   1.6430731985645914e+19
6022541.201461928   1.5647253848298238e+19
6120498.372476703   1.4901050597730775e+19
6220048.825634718   1.4190354448200733e+19
6321218.475812448   1.3513480654243324e+19
6424033.659394191   1.2868824025496476e+19
6528521.141127847   1.2254855584253712e+19
6634708.121092351   1.1670119097897288e+19
6742622.241778349   1.1113226828309084e+19
6852291.595284058   1.0582856313170514e+19
6963744.730628222   1.0077747616919126e+19
7077010.6611818895   9.59670069464429e+18
7192118.872221193   9.13857267347722e+18
7309099.328602918   8.702274518217088e+18
7427982.48256491   8.286768482185101e+18
7548799.281653431   7.89106594031881e+18
7671581.176779302   7.514225311572027e+18
7796360.130405237   7.155349928164839e+18
7923168.624866262   6.813585421873039e+18
8052039.670825469   6.488117706339635e+18
8183006.81586739   6.178171270095743e+18
8316104.153230961   5.883007540164446e+18
8451366.330684721   5.601923212519673e+18
8588828.559546258   5.334248204682624e+18
8728526.623848371   5.07934405956198e+18
8870496.889654404   4.8366026015381e+18
9014776.314524917   4.6054446483154954e+18
9161402.457138522   4.3853187030818345e+18
9310413.487069085   4.1756993517238815e+18
9461848.194721993   3.976086000775429e+18
9615746.001432095   3.7860018198810296e+18
9772146.969725724   3.604992728316615e+18
9931091.813749801   3.4326263707092193e+18
10092621.909870485   3.26849086304929e+18
10256779.307444207   3.1121937952867e+18
10423606.739764012   2.9633613995295186e+18
10593147.6351837   2.8216377530484613e+18
10765446.128423158   2.686683976228697e+18
10940547.072057435   2.5581772520018565e+18
11118496.048192699   2.435810037946705e+18
11299339.380332217   2.3192894123087503e+18
11483124.145435112   2.2083364475213307e+18
11669898.186171474   2.1026855822767094e+18
11859710.123376707   2.0020838551420677e+18
12052609.368708413   1.906290282420144e+18
12248646.137509307   1.8150753441659139e+18
12447871.461879062   1.7282204919398482e+18
12650337.203959038   1.6455176572683717e+18
12856096.069432965   1.5667686529343058e+18
13065201.621247198   1.4917846819193697e+18
13277708.293554291   1.420385933582977e+18
13493671.405883064   1.352401197028309e+18
13713147.177539457   1.2876674763749688e+18
13936192.742241435   1.226029523236399e+18
14162866.162991975   1.1673394492713375e+18
14393226.447194064   1.111456409007821e+18
14627333.5620113   1.058246296264435e+18
14865248.449978571   1.0075814430563453e+18
15107033.044866556   9.593402546564004e+17
15352750.28780421   9.13406904003794e+17
15602464.143663712   8.696710826482028e+17
15856239.61771137   8.280277624578447e+17
16114142.772530198   7.883769599992909e+17
16376240.74521689   7.506234517752268e+17
16642601.764859019   7.146765332777861e+17
16913295.170296505   6.804498234685605e+17
17188391.428171456   6.478610777855512e+17
17467962.151272457   6.1683200377305e+17
17752080.11717636   5.872880389543118e+17
18040819.28719381   5.5915816091610074e+17
18334254.825622927   5.323747338485903e+17
18632463.1193156   5.068733618454332e+17
18935521.797562953   4.8259274464512934e+17
19243509.75230332   4.594745044139336e+17
19556507.15865947   4.374630360998305e+17
19874595.495809857   4.165053870064581e+17
20197857.568198785   3.965511417310378e+17
20526377.52709252   3.7755230929626714e+17
20860240.89248505   3.594631881111445e+17
21199534.57536069   3.4224024809077466e+17
21544346.900318865   3.2584203616842266e+17
21894767.628566206   3.102290860676144e+17
22250887.981283695   2.953638299975446e+17
22612800.663372796   2.8121049340371136e+17
22980599.887588486   2.6773500213713312e+17
23354381.399064817   2.5490490832805674e+17
23734242.50023866   2.426893196461557e+17
24120282.07618007   2.3105883021584928e+17
24512600.6203334   2.19985438603869e+17
24911300.26067786   2.0944247473515725e+17
25316484.786313582   1.994045417473054e+17
25728259.67447932   1.8984746053968365e+17
26146732.11801092   1.807482157266324e+17
26572011.053245068   1.720848917449954e+17
27004207.1883777   1.638366153316877e+17
27443433.032283682   1.5598350991820707e+17
27889802.923804395   1.4850665217150717e+17
28343433.061513092   1.413880297124239e+17
28804441.53396298   1.3461049134906094e+17
29272948.35042813   1.2815770181431587e+17
29749075.472144436   1.2201410599900077e+17
30232946.844057765   1.1616489489630251e+17
30724688.427090034   1.1059597252467221e+17
31224428.230928577   1.052939171705449e+17
31732296.34734973   1.0024594578186718e+17
32248424.984084453   9.543988591925213e+16
32772948.49923382   9.086414907300954e+16
33306003.436245885   8.650770478688474e+16
33847728.55945983   8.236005047918026e+16
34398264.89022921   7.84111834392919e+16
34957755.743632786   7.465157883265758e+16
35526346.765781395   7.107216879695757e+16
36104185.97173338   6.766432219911475e+16
36691423.78402494   6.441982113923912e+16
37288213.0718283   6.133083893206744e+16
37894709.19074672   5.838992285984167e+16
38511070.02325569   5.55899777979025e+16
39137456.01980384   5.292425037855576e+16
39774030.240580365   5.03863107001333e+16
40420958.39796302   4.797003501837662e+16
41078408.89965651   4.566959222275113e+16
41746552.89253135   4.347943101138739e+16
42425564.307177775   4.139426750238292e+16
43115619.90318228   3.94090709963265e+16
43816899.31514186   3.751905037332874e+16
44529585.0994266   3.5719643489136304e+16
45253862.78170167   3.4006507131045064e+16
45989920.90522438   3.2375507326077496e+16
46737951.079924636   3.0822708259638996e+16
47498148.032284945   2.934436158732141e+16
48270709.656031884   2.793689812050321e+16
49055837.06365045   2.6596919960921548e+16
49853734.63873894   2.532119291857568e+16
50664610.089212686   2.4106637887493496e+16
51488674.50137487   2.295032244966888e+16
52326142.394866675   2.184945435582663e+16
53177231.77850967   2.080137536659135e+16
54042164.20705915   1.9803555320805976e+16
54921164.838877894   1.885358542397595e+16
55814462.49454955   1.7949171654277114e+16
56722289.71644549   1.70881296508485e+16
57644882.82925873   1.6268379891637374e+16
58582482.00152536   1.5487943052828194e+16
59535331.3081437   1.4744934786008312e+16
60503678.79391212   1.4037560540627356e+16
61487776.538100295   1.3364111555863056e+16
62487880.72006888   1.2722961085302376e+16
63504251.68595962   1.2112560766408704e+16
64537154.01646702   1.153143655632089e+16
65586856.59571422   1.0978184667405456e+16
66653632.6812492   1.0451468424370736e+16
67737759.97517745   9950015308717816.0
68839520.69645496   9472614118371736.0
69959201.65435374   9018111805146776.0
71097094.32312424   8585410284802755.0
72253494.91787222   8173463972550186.0
73428704.47166757   7781277469404064.0
74623028.91391107   7407903339976883.0
75836779.1499719   7052439651591036.0
77070271.14212288   6714027471236091.0
78323825.99179204   6391848932965352.0
79597770.02314977   6085125426839217.0
80892434.86805938   5793115860325858.0
82208157.5524054   5515114743385801.0
83545280.58382854   5250450224851836.0
84904152.04088755   4998482576860626.0
86285125.66366887   4758602777280376.0
87688560.94587426   4530231149458510.0
89114823.22840202   4312815872128083.5
90564283.79445294   4105831439301193.0
92037319.9661823   3908777471689109.0
93534315.20292377   3721177607174249.5
95055659.20101191   3542578436559334.0
96601747.99522646   3372548344020308.0
98172984.06188841   3210676299437064.5
99769776.42363212   3056570926205666.0
101392540.75588143   2909859632852678.5
103041699.49505854   2770187780365820.5
104717681.94855203   2637217779836408.0
106420924.40647268   2510628145679233.0
108151870.25522892   2390112764489534.5
109910970.09294961   2275380215417602.5
111698681.84678249   2166153118682930.0
113515470.8920999   2062167433329288.5
115361810.17364761   1963171715139609.0
117238180.32865998   1868926543144344.0
119145069.81197748   1779203987745315.5
121082975.0232037   1693787100985895.5
123052400.43592615   1612469370009861.8
125053858.72903939   1535054135545416.2
127087870.92020595   1461354142043889.0
129154966.50148827   1391191121446728.5
131255683.57718454   1324395394364838.8
133390569.00390586   1260805444690584.2
135560178.5329366   1200267464009880.2
137765076.9549055   1142634998696267.8
140005838.2468096   1087768624187846.6
142283045.7214349   1035535632942798.8
144597292.17920196   985809703323401.6
146949180.06248203   938470542746528.0
149339321.61242533   893403610818339.8
151768339.02834037   850499864447378.4
154236864.62966305   809655513694763.6
156745541.0205595   770771764016751.2
159295021.25721198   733754536817790.2
161885969.0178199   698514252225794.0
164519058.77536607   664965629642109.2
167194975.9731992   633027496713945.5
169914417.2034626   602622588664372.0
172678090.38843596   573677329508753.0
175486714.9648152   546121661610931.3
178341022.07100064   519888889616830.75
181241754.73742396   494915530991150.94
184189668.07997108   471141159775346.9
187185529.49655753   448508235337981.4
190230118.86689457   426961968627068.25
193324228.7555043   406450200053818.56
196468664.61804485   386923282550422.3
199664245.01097932   368333959906455.94
202911801.80466822   350637232756770.75
206212180.39991444   333790253621462.44
209566239.94804308   317752231356596.0
212974853.57455233   302484339657592.0
216438908.60640204   287949622310191.25
219959306.80300704   274112888343427.2
223536964.59097967   260940629654515.12
227172813.30269027   248400946248537.2
230867799.4187172   236463474651320.34
234622884.81422624   225099314111647.0
238439047.00937253   214280944591502.25
242317279.42376006   203982162111086.12
246258591.6350544   194178020255599.38
250264009.64179218   184844774165992.88
254334576.13046482   175959823051912.97
258471350.74695584   167501646060363.88
262675410.37238383   159449751524863.53
266947849.4034318   151784631200767.7
271289780.037247   144487716444637.12
275702332.56095827   137541333426635.44
280186655.6459201   130928652992197.86
284743916.64672476   124633650822037.4
289375301.90509474   118641071626913.0
294082017.0587067   112936394863724.6
298865287.3550383   107505799836741.88
303726357.97033054   102336126508782.25
308666494.3337274   97414844223783.56
313686982.45668733   92730023694197.6
318789129.2677649   88270310178825.84
323974262.9528195   84024896285286.94
329243733.30077755   79983491347095.03
334598912.0549975   76136296866516.16
340041193.27037024   72473984599036.81
345571993.6762143   68987675569354.625
351192753.0450728   65668918872303.08
356904934.5675222   62509667749387.695
362710025.23306483   59502260306528.34
368609536.2172154   56639402368863.78
374605003.27489966   53914151064486.14
380697987.1402284   51319898298357.56
386890073.9327983   48850352067017.87
393182875.570577   46499521317214.53
399578030.18952656   44261702532883.17
406077202.57003695   42131466892591.375
412682084.57029516   40103647384468.72
419394395.56671774   38173324215444.234
426215882.9015325   36335812920875.37
433148322.3376394   34586653871412.7
440193518.5208879   32921602226381.2
447353305.4498463   31336617886122.777
454629546.9532409   29827854100956.246
462024137.1751313   28391648133416.77
469539001.0680053   27024513049441.027
477176094.89387506   25723129859153.11
484937406.7335233   24484339680719.17
492824957.0040503   23305134849166.72
500840798.98482126   22182651583024.8
508987019.35196745   21114163562579.902
517265738.72160244   20097075781944.035
525679112.2018419   19128918436863.043
534229329.9538363   18207339986132.766
542918617.7618942   17330101392284.285
551749237.6129117   16495071097880.004
560723488.2852038   15700220216349.092
569843705.9469136   14943617763878.52
579112264.7641747   14223425245631.797
588531577.519145   13537892132585.52
598104096.2380931   12885351931512.346
607832312.8297236   12264218423141.348
617718759.7338488   11672981942116.71
627766010.5806513   11110205153686.97
637976680.8606282   10574519501383.164
648353428.6054714   10064622132584.012
658898955.0799956   9579272955986.7
669616005.4853215   9117291738926.22
680507369.6735193   8677554813319.211
691575882.8738525   8258992285839.58
702824426.4308338   7860585632794.948
714255928.5543134   7481365398523.16
725873365.0817245   7120408930236.02
737679760.2527746   6776837809173.097
749678187.4966877   6449815659656.392
761871770.2322984   6138546267559.91
774263682.6811278   5842271780075.117
786857150.6936843   5560270937873.532
799655452.589233   5291857072125.457
812661920.0091945   5036376383929.158
825879938.7844255   4793206472379.55
839312949.8166373   4561754926525.462
852964449.9741017   4341457945529.3613
866837993.0019791   4131778777135.167
880937190.4473991   3932206366544.186
895265712.5996382   3742254204906.97
909827289.4455568   3561459228062.6226
924625711.6405734   3389380739440.851
939664831.4954672   3225599192859.911
954948563.9791967   3069715131573.996
970480887.7380327   2921348287428.301
986265846.131283   2780136719565.7764
1002307548.2838644   2645735973576.445
1018610170.1559774   2517818132827.9727
1035177955.6301762   2396070985415.874
1052015217.6161569   2280197319411.4033
1069126339.1734772   2169914249267.3667
1086515774.6525373   2064952559344.733
1104188050.854158   1965055964631.1284
1122147768.2079802   1869980456682.7776
1140399601.9700353   1779493752274.9214
1158948303.4398117   1693374766620.5732
1177798701.197118   1611413100807.562
1196955702.3590453   1533408465761.5422
1216424293.857368   1459170168760.7842
1236209543.7367666   1388516682094.2046
1256316602.4741216   1321275231109.4714
1276750704.3192644   1257281393985.7815
1297517168.6575842   1196378652949.3381
1318621401.3947484   1138417991182.5159
1340068896.3639534   1083257555365.4027
1361865236.7560828   1030762333535.0552
1384016096.5731301   980803842555.1615
1406527242.1052392   933259778512.9834
1429404533.431761   888013700319.074
1452653925.9467783   844954765695.8389
1476281471.909391   803977479278.0957
1500293322.0192168   764981448550.8486
1524695727.0175698   727871111538.9098
1549495039.3146317   692555488478.4845
1574697714.64309   658947975265.2925
1600310313.7387018   626966146489.624
1626339504.0481906   596531564833.4443
1652792061.4648972   567569568987.078
1679674872.0926533   540009078768.8819
1706994934.0384045   513782433526.2278
1734759359.2339325   488825238132.1987
1762975375.287204   465076214126.27405
1791650327.363896   442477034554.9158
1820791680.0994625   420972171053.6765
1850407019.542306   400508767416.9587
1880504055.1285834   381036519191.66345
1911090621.689136   362507557415.68866
1942174681.4890285   344876320013.0585
1973764326.3002553   328099431818.3782
2005867779.50823   312135605660.9022
2038493398.252464   296945548231.02655
2071649675.6020668   282491869275.7323
2105345242.7666996   268738981467.60254
2139588871.3434215   255653006287.575
2174389475.6000843   243201696635.37225
2209756114.795903   231354363240.2556
2245697995.5397716   220081803738.17737
2282224474.186901   209356224717.6252
2319345059.2744274   199151167898.16257
2357069413.996723   189441449582.37613
2395407358.7208796   180203103130.87888
2434368873.543118   171413323567.44952
2473964100.8868065   163050406895.68762
2514203348.1427965   155093692205.38892
2555097090.3525124   147523514301.05487
2596655972.9348726   140321158737.34756
2638890814.4575076   133468818552.48898
2681812609.453018   126949547033.53291
2725432531.281028   120747212321.2906
2769761935.0368853   114846460348.01112
2814812360.507581   109232679693.24335
2860595535.1757507   103891967790.35753
2907123377.272569   98811094163.2061
2954407998.8803797   93977464837.33247
3002461709.0855556   89379093343.44011
3051297017.182871   85004573251.0196
3100926635.9319234   80843051774.23518
3151363484.8664827   76884201161.10278
3202620693.65765   73118190797.56451
3254711605.5318413   69535664521.64023
3307649780.7442427   66127719159.24788
3361449000.1087756   62885883909.81633
3416123268.585518   59802098082.03168
3471686818.9265594   56868689231.95261
3528154115.3808904   54078355414.66402
3585539857.459817   51424148412.08768
3643858983.7635407   48899457633.274734
3703126675.8699307   46497992790.359985
3763358362.286533   44213766768.88699
3824569722.4669914   42041081742.54419
3886776690.892668   39974516068.605835
3949995461.220655   38008911714.65972
4014242490.4993095   36139360779.75427
4079534503.452449   34361192075.37146
4145888496.8329196   32669960262.642357
4213321743.847289   31061435614.4254
4281851798.6524067   29531594196.593674
4351496500.925055   28076607381.812187
4422273980.505897   26692831339.59779
4494202662.119133   25376798538.329655
4567301270.168747   24125209747.755707
4641588833.612792   22934926371.8431
4717084690.917003   21802962291.476562
4793808495.089107   20726475634.799667
4871780218.794641   19702762129.423096
4951020159.556352   18729248855.785957
5031548945.038046   17803488260.56375
5113387538.414331   16923151811.608147
5196557243.827658   16086023555.337385
5281079711.93432   15289994916.515688
5366976945.540476   14533059819.778843
5454271305.329847   13813310015.623215
5542985515.684652   13128930145.430273
5633142670.601352   12478192699.1105
5724766239.70219   11859453947.399097
5817880074.344935   11271150132.400759
5912508413.831869   10711793818.729967
6008675891.719693   10179970055.612118
6106407542.232037   9674332431.450224
6205728806.776487   9193599892.178524
6306665540.567406   8736553766.97043
6409244019.35647   8302034920.012808
6513490946.272782   7888940766.081072
6619433458.774388   7496222184.241017
6727099135.712351   7122881029.376029
6836516004.510239   6767967810.343351
6947712548.460226   6430579466.954535
7060717714.13778   6109857049.476539
7175560918.936921   5804983305.064617
7292272058.728298   5515180731.577778
7410881515.64157   5239709765.339491
7531420165.974391   4977867046.34042
7653919388.230156   4728983614.149751
7778411071.286482   4492423020.9963665
7904927622.696437   4267579809.808218
8033501977.124735   4053878099.9818716
8164167604.921455   3850770233.7782817
8296958520.834915   3657735373.882054
8431909292.866251   3474278028.666379
8569055051.26833   3299926862.0876245
8708431497.690723   3134233590.2499504
8850074914.473457   2976771925.4137163
8994022174.092052   2827136485.909746
9140310748.756224   2684941643.920236
9288978720.164516   2549820594.95323
9440064789.417603   2421424497.0781794
9593608287.093126   2299421647.2529793
9749649183.484097   2183496634.1360307
9908228099.003788   2073349438.1517053
10069386314.76025   1968694704.0021405
10233165783.302448   1869261069.3461728
10399609139.541224   1774790522.4616184
10568759711.848051   1685037743.9192781
10740661533.334324   1599769403.9431553
10915359353.313932   1518763593.7194757
11092898648.952229   1441809301.9449148
11273325637.104849   1368705914.0100765
11456687286.348726   1299262700.504976
11643031329.208755   1233298268.8216782
11832406274.583755   1170640118.657586
12024861420.374123   1111124233.9567018
12220446866.31491   1054594692.527479
12419213527.017847   1000903268.6891735
12621213145.22546   949909005.4272842
12826498305.280624   901477867.0110068
13035122446.815088   855482420.976331
13247139878.661148   811801533.9010711
13462605792.98911   770320062.7722235
13681576279.674706   730928521.3273017
13904108340.90067   693522808.6110988
14130259905.995337   658003961.1999185
14360089846.512636   624277916.1822511
14593657991.557577   592255271.4809192
14831025143.361029   561851025.755687
15072253093.107586   532984366.33508396
15317404637.020798   505578476.2223252
15566543592.710588   479560349.4909199
15819734815.786015   454860605.1903066
16077044216.73822   431413284.68259895
16338538778.09857   409155685.99022746
16604286571.875296   388028213.5209013
16874356777.273792   367974234.3309878
17148819698.705408   348939933.6643622
17427746784.089172   330874157.11627245
17711210643.450905   313728281.26218367
17999285067.824764   297456096.68430877
18292045048.462902   282013696.0944756
18589566796.356884   267359362.21654135
18891927762.076645   253453444.92183933
19199206655.93279   240258260.21440426
19511483468.466164   227737999.21285146
19828839491.270756   215858641.10186076
20151357338.155586   204587866.13783243
20479120966.650833   193894960.0559052
20812215699.863415   183750735.2154266
21150728248.687946   174127459.8045521
21494746734.37976   164998790.1358655
21844360711.494286   156339703.1647017
22199661191.199524   148126422.1532792
22560740664.968544   140336355.1308846
22927693128.656487   132948039.85058798
23300614106.969296   125941091.15210572
23679600678.330788   119296148.63150114
24064751500.154217   112994818.86693509
24456166834.52449   107019627.40583691
24853948574.297985   101353975.9869243
25258200269.627796   95982101.6355303
25669027154.919518   90889036.09614864
26086536176.22556   86060560.95491865
26510836019.085308   81483170.19284917
26942037136.81882   77144036.95499033
27380251779.278633   73030981.77832359
27825594022.07126   69132441.15407403
28278179796.253384   65437432.689041995
28738126918.510693   61935525.90924975
29205555121.82745   58616816.458484545
29680586086.655964   55471901.431982785
30163343472.591972   52491855.02390764
30653952950.56536   49668201.49766153
31152542235.554783   46992892.43145336
31659241119.835205   44458286.695613325
32174181506.763783   42057131.312785625
32697497445.11768   39782542.60221289
33229325163.98968   37627985.22186394
33769803108.25095   35587254.44219875
34319071974.590427   33654460.6160806
34877274748.1417   31824014.336194377
35444556739.70435   30090611.8422627
36021065623.57081   28449218.78158991
36606951475.96891   26895056.406232834
37202366814.13066   25423589.534813333
37807466635.99357   24030515.04907701
38422408460.550606   22711750.606157936
39047352368.85556   21463422.064085152
39682461045.69486   20281852.73923424
40327899821.93705   19163554.08047793
40983836717.57253   18105216.759868216
41650442485.45185   17103701.9461905
42327890655.73562   16156031.575152256
43016357581.06782   15259379.993269231
43716022482.48502   14411066.738128982
44427067496.06892   13608549.642676486
45149677720.361015   12849418.093280261
45884041264.54752   12131385.50675281
46630349297.42736   11452282.834186587
47388796097.17651   10810052.975595964
48159579101.92341   10202745.446889605
48942898961.14532   9628511.174444556
49738959587.90078   9085596.683082847
50547968211.91225   8572339.049017543
51370135433.51339   8087161.58218036
52205675278.46986   7628569.704963273
53054805253.69574   7195146.936069433
53917746403.87495   6785550.404119412
54794723369.00293   6398506.929000767
55685964442.86409   6032809.686850511
56591701632.46231   5687315.028025819
57512170718.41614   5360939.380880284
58447611316.336494   5052655.791695146
59398266939.203384   4761490.884342454
60364385060.75864   4486522.2865565065
61346217179.925186   4226876.175218663
62344018886.27864   3981724.8914457993
63358049926.58241   3750284.274548799
64388574272.40426   3531811.3049374083
65435860188.83229   3325602.119704221
66500180304.31105   3130990.120896101
67581811681.6111   2947344.140145589
68681035889.95322   2774066.386452221
69798139078.30638   2610590.620349868
70933412049.8799   2456380.625326748
72087150337.8215   2310928.751507391
73259654282.1523   2173754.504608219
74451229107.95128   2044402.967867445
75662185004.81062   1922443.3889658854
76892837207.58305   1807468.0038228615
78143506078.44527   1699090.9167513389
79414517190.2934   1596947.0167707948
80706201411.49524   1500690.7655199915
82018894992.02211   1409995.10463434
83352939650.98187   1324550.5517188706
84708682665.5742   1244064.3402664373
86086476961.49245   1168259.5883517563
87486681204.79897   1096874.368765902
88909659895.29167   1029660.8650067186
90355783461.3892   966384.6773069296
91825428356.56264   906824.162908393
93318977157.33238   850769.7991636579
94836818662.85947   798023.4710821707
96379347996.15796   748397.8200773017
97946966706.95386   701715.7119063892
99540082876.2154   657809.7313715474
101159111222.38298   616521.6950045268
102804473209.33076   577702.1059422633
104476597156.08052   541209.6519676738
106175918348.2999   506910.79818688484
107902879151.61813   474679.40055867686
109657929126.78099   444396.3336076675
111441525146.67905   415949.07391647657
113254131515.28127   389231.313722037
115096220088.50311   364142.6495427093
116968270397.03871   340588.2870913392
118870769771.19032   318478.75730144785
120804213467.73265   297729.5985909324
122769104798.83604   278261.059806189
124765955263.08685   259997.86258051574
126795284678.64313   242868.9764134186
128857621318.5518   226807.40244123767
130953502048.26704   211749.93145722878
133083472465.40761   197636.9158561753
135248087041.7874   184412.0885829939
137447909267.75394   172022.39202921663
139683511798.87396   160417.81368633162
141955476605.00986   149551.2021952001
144264395121.8159   139378.0925273166
146610868404.6983   129856.5683088644
148995507285.28506   120947.13192380815
151418932530.4352   112612.57985782786
153881775003.83496   104817.8631352227
156384675830.2248   97529.95352029882
158928286562.29764   90717.73903890127
161513269350.3093   84351.92559058176
164140297114.44666   78404.94260419464
166810053720.00558   72850.83737591395
169523234155.41214   67665.1728401595
172280544713.13922   62824.94846199351
175082703173.572   58308.52589477682
177930438991.85773   54095.55775367772
180824493487.79553   50166.90779804699
183765620038.81723   46504.572970661204
186754584276.10742   43091.62364287926
189792164283.91034   39912.14759137195
192879150802.07776   36951.19636814689
196016347431.91818   34194.72515596947
199204570845.38712   31629.533430721298
202444650997.68018   29243.219943746408
205737431343.29074   27024.140628557045
209083769055.575   24961.368337012318
212484535249.88873   23044.647641059808
215940615210.35675   21264.34976628685
219452908620.33115   19611.438773200567
223022329796.5941   18077.440032558872
226649807927.3693   16654.410093632832
230336287314.21265   15334.902818667633
234082727617.82944   14111.935231874108
237890104107.8891   12978.962195236061
241759407916.91235   11929.852881796105
245691646298.27902   10958.868307193738
249687842888.4332   10060.636036952732
253749037973.35718   9230.124371230242
257876288759.37982   8462.623445506764
262070669648.38553   7753.727743793743
266333272517.49808   7099.319409351961
270665207003.32358   6495.549422257638
275067600790.80676   5938.818136815401
279541599906.7865   5425.761231178822
284088369018.3295   4953.236766219325
288709091735.92346   4518.312844048344
293404970921.5793   4118.253655719149
298177229001.96735   3750.5048497595803
303027108286.63934   3412.683130658791
307955871291.423   3102.5667288627055
312964801067.0751   2818.086319718397
318055201533.2913   2557.314725985716
323228397818.13806   2318.45595267479
328485736603.0054   2099.8375223310886
333828586473.17505   1899.9034965989747
339258338274.0992   1717.2078309771362
344776405473.44714   1550.4068121373364
350384224529.06757   1398.2508673984862
356083255262.9274   1259.5789467226377
361874981241.1284   1133.3134448045234
367760910160.1031   1018.4553689953391
373742574239.10565   914.0788153982992
379821530619.0736   819.324873513974
385999361767.9779   733.3975323234251
392277675892.77075   655.5600120069712
398658107358.0439   585.1312759869288
405142317111.4656   521.4820211495944
411731993116.1679   464.03015950210994
418428850790.1576   412.2378547658502
425234633452.86865   365.6088947393288
432151112778.9762   323.6861946850388
439180089259.6077   286.04890717449825
446323392671.03973   252.30908719427714
453582882551.02   222.10956337659024
460960448682.842   195.12207430083407
468458011587.3045   171.0454990979179
476077523022.63776   149.60379122302692
483820966492.5957   130.54352862021378
491690357762.8021   113.63239789576856
499687745385.4889   98.65788798328121
507815211232.7671   85.42605089391328
516074871038.5897   73.76003845886751
524468874949.5119   63.4983119567903
532999408084.4104   54.493573762974144
541668691103.31354   46.61186472068514
550478980785.4968   39.73170860114142
559432570616.9388   33.74308738986004
568531791387.3754   28.54614028322042
577779011797.0496   24.050419782505358
587176639073.3262   20.17427906056542
596727119597.331   16.844291803907222
606432939540.8049   13.994544202713882
616296625513.2942   11.565695443222495
626320745219.8705   9.504467217509099
636507908129.5552   7.763237359738058
646860766154.6321   6.299655378255268
657382014340.9598   5.07616126691855
668074391569.5615   4.0593117056974535
678940681269.6099   3.219435982723769
689983712143.0026   2.5303746134598217
701206358900.7177   1.9692322910342253
712611543011.1731   1.5160575762983672
724202233460.7316   1.153363320450653
735981447526.5786   0.8658999573844288
747952251562.1798   0.6404945675430151
760117761795.5322   0.4658989283513853
772481145140.3416   0.33258199997325644
785045620020.4509   0.23239144041260093
797814457207.6613   0.15840861534523382
810790980673.1694   0.10485599844167069
823978568452.8511   0.06700984392311789
837380653526.6472   0.04107064854207951
851000724712.2246   0.023926454534172116
864842327573.1744   0.01306386039314825
878909065341.9963   0.006520830724621728
893204599858.096   0.002842249725695698
907732652521.0242   0.0010033528948777749
922497005259.2174   0.000245888480429648
937501501514.527   2.6747487082353522e-05
952750047242.73   0.0
968246611930.3114   0.0
983995229627.8207   0.0
1000000000000.0   0.0
