# `Lam+c` Integrated Spectrum / 1/GeV - 2024/07/19 13:24:22
# Nucleus:
#     n = 1e+14 1/cm**3
#     d = 1e+15 cm
# Energy / GeV # Spectrum / 1/GeV
100000.0   7.800512426302796e+18
101626.50893929951   7.573581647937251e+18
103279.47319189525   7.353236510501137e+18
104959.32305582266   7.139286407819879e+18
106666.49582795388   6.931546233982788e+18
108401.43591783309   6.729836225152578e+18
110164.59496336569   6.533981805907141e+18
111956.43194838794   6.343813439984552e+18
113777.41332214902   6.159166485305695e+18
115628.01312073754   5.979881053152156e+18
117508.71309048076   5.805801871381304e+18
119420.00281335325   5.636778151562701e+18
121362.37983442418   5.472663459924386e+18
123336.34979137748   5.313315592000005e+18
125342.42654613995   5.158596450871094e+18
127381.13231864785   5.008371928902046e+18
129452.9978227916   4.862511792867728e+18
131558.56240457052   4.720889572376928e+18
133698.37418249453   4.5833824514975903e+18
135872.9901902709   4.4498711634920325e+18
138082.97652180924   4.3202398885736653e+18
140328.9084785873   4.194376154598452e+18
142611.37071941298   4.072170740607457e+18
144930.9574126215   3.9535175831388795e+18
147288.27239075018   3.8383136852303263e+18
149683.92930772554   3.7264590280345436e+18
152118.55179861048   3.6178564849736294e+18
154592.77364194786   3.5124117383592586e+18
157107.2389247449   3.410033198408368e+18
159662.6022101425   3.31063192458556e+18
162259.5287078087   3.2141215492059986e+18
164898.69444710648   3.120418203233653e+18
167580.78645307687   3.0294404442124186e+18
170306.50292528427   2.9411091862688113e+18
173076.55341957242   2.8553476321269903e+18
175891.65903277326   2.7720812070785874e+18
178752.55259042355   2.691237494851113e+18
181659.97883753286   2.612746175320782e+18
184614.69463245457   2.5365389640168054e+18
187617.46914391196   2.462549553365781e+18
190669.0840512252   2.3907135556264796e+18
193770.3337477989   2.320968447466372e+18
196922.02554791735   2.2532535161329815e+18
200124.9798969035   2.187509807174291e+18
203380.030584698   2.1236800736637686e+18
206688.0249629082   2.061708726886963e+18
210049.82416539153   2.0015417884476088e+18
213466.30333242455   1.9431268437526403e+18
216938.35183851823   1.8864129968365256e+18
220466.87352394077   1.8313508264864558e+18
224052.7869300018   1.777892343631163e+18
227697.025538168   1.7259909499569807e+18
231400.5380130654   1.6756013977160335e+18
235164.2884494351   1.62667975069227e+18
238989.25662310477   1.5791833462921329e+18
242876.43824604506   1.533070758727551e+18
246826.84522556924   1.4883017632599598e+18
250841.50592775413   1.4448373014747674e+18
254921.46544514256   1.4026394475567642e+18
259067.78586880062   1.361671375537706e+18
263281.546564802   1.3218973274880845e+18
267563.84445520455   1.2832825826260739e+18
271915.7943036019   1.2457934273171804e+18
276338.52900531725   1.2093971259390556e+18
280833.199882317   1.174061892586635e+18
285400.97698292375   1.1397568635933669e+18
290043.04938639916   1.1064520708451773e+18
294760.62551248586   1.0741184158642788e+18
299554.9334359816   1.0427276446407498e+18
304427.22120642994   1.012252323190369e+18
309378.7571730137   9.826658138177937e+17
314410.8303147265   9.539422520648445e+17
319524.7505759214   9.260565243241248e+17
324721.8492073132   8.989842460988913e+17
330003.4791125282   8.72701740890542e+17
335371.01520029287   8.471860196956762e+17
340825.85474234517   8.224147610952022e+17
346369.41773717344   7.983662919184106e+17
352003.14727966825   7.750195684655014e+17
357728.50993678696   7.523541582724703e+17
363546.99612933176   7.303502224027274e+17
369460.12051993026   7.089884982503268e+17
375469.4224073337   6.882502828400147e+17
381576.46612712526   6.681174166098255e+17
387782.84145894536   6.485722676623219e+17
394090.16404034477   6.295977164709613e+17
400500.07578736113   6.111771410285097e+17
407014.2453219439   5.932944024247249e+17
413634.3684063278   5.759338308409748e+17
420362.1683844718   5.590802119497558e+17
427199.3966306777   5.4271877370744806e+17
434147.8330055092   5.2683517352896614e+17
441209.286319119   5.114154858333149e+17
448385.59480211907   4.964461899493311e+17
455678.6265841069   4.81914158371242e+17
463090.2801799737   4.678066453539527e+17
470622.48498412815   4.5411127583824896e+17
478277.20177274855   4.4081603469643603e+17
486056.42321421386   4.27909256289125e+17
493962.1743878326   4.1537961432422e+17
501996.51331100793   4.032161120093879e+17
510161.5314749834   3.914080724895167e+17
518459.3543892913   3.799451295609805e+17
526892.1421350677   3.688172186546806e+17
535462.0899273613   3.580145680801305e+17
544171.4286865888   3.475276905230436e+17
553022.42561929   3.373473747891e+17
562017.3848083188   3.2746467778679974e+17
571158.6478126434   3.178709167424799e+17
580448.5942768984   3.0855766164080294e+17
589889.6425508494   2.9951672788420954e+17
599484.2503189408   2.907401691649934e+17
609234.9152400711   2.8222027054388237e+17
619144.1755977848   2.739495417291367e+17
629214.610961035   2.6592071055038474e+17
639448.8428556937   2.581267166215667e+17
649849.5354469889   2.505607051875179e+17
660419.3962330305   2.4321602114889715e+17
671161.1767496286   2.3608620326028797e+17
682077.6732865692   2.2916497849648102e+17
693171.72761554   2.2244625658207312e+17
704446.2277299037   2.1592412467965373e+17
715904.1085964888   2.095928422320112e+17
727548.3529196233   2.034468359538857e+17
739381.9919175874   1.9748069496895706e+17
751408.1061116962   1.916891660878642e+17
763629.8261282241   1.860671492231728e+17
776050.3335133571   1.8060969293734285e+17
788672.8615614156   1.7531199011983075e+17
801500.6961565414   1.701693737896037e+17
814537.1766280737   1.6517731301943494e+17
827785.6966198472   1.6033140897844893e+17
841249.7049736119   1.5562739108950957e+17
854932.7066268384   1.5106111329811014e+17
868838.2635251193   1.466285504495513e+17
882969.9955494083   1.423257947712668e+17
897331.5814583519   1.3814905245725178e+17
911926.7598459298   1.3409464035164563e+17
926759.3301146884   1.3015898272858789e+17
941833.153464796   1.2633860816556733e+17
957152.1538991856   1.2263014650755442e+17
972720.3192450537   1.190303259192857e+17
988541.7021919574   1.1553597002315392e+17
1004620.4213468132   1.1214399512021538e+17
1020960.6623060475   1.0885140749191302e+17
1037566.6787451849   1.0565530078017509e+17
1054442.7935261684   1.025528534436168e+17
1071593.3998226712   9.954132628764544e+16
1089022.9622637306   9.661806006631963e+16
1106736.0180959746   9.378047315388949e+16
1124737.1783647507   9.102605928399614e+16
1143031.1291144786   8.835238535456682e+16
1161622.632608502   8.57570892965081e+16
1180516.5285688057   8.32378780043402e+16
1199717.7354358856   8.079252532698056e+16
1219231.2516491094   7.841887011693267e+16
1239062.1569479157   7.611481433618454e+16
1259215.613694151   7.387832121717645e+16
1279696.8682159416   7.170741347723498e+16
1300511.2521734098   6.960017158492765e+16
1321664.1839466037   6.755473207683014e+16
1343161.1700460154   6.556928592324236e+16
1365007.8065460138   6.364207694143765e+16
1387209.780541621   6.177140025506041e+16
1409772.8716289676   5.995560079833754e+16
1432702.9534098294   5.819307186380154e+16
1456005.9950206485   5.64822536922614e+16
1479688.0626863963   5.482163210379916e+16
1503755.3212997385   5.320973716859629e+16
1528214.0360258708   5.164514191643729e+16
1553070.5739334584   5.0126461083766936e+16
1578331.4056521165   4.865234989720931e+16
1604003.1070568198   4.722150289249369e+16
1630092.3609797412   4.583265276775461e+16
1656605.9589499151   4.44845692702119e+16
1683550.8029612007   4.317605811525883e+16
1710933.9072690133   4.190595993701787e+16
1738762.4002162504   4.067314926945155e+16
1767043.5260889467   3.947653355713805e+16
1795784.6470020968   3.831505219485223e+16
1824993.2448161505   3.7187675595114424e+16
1854676.9230846975   3.609340428289325e+16
1884843.4090337954   3.5031268016676624e+16
1915500.555573528   3.4000324935140996e+16
1946656.3433422633   3.299966072867735e+16
1978318.8827841622   3.202838783505117e+16
2010496.416260497   3.108564465849376e+16
2043197.3201952705   3.01705948115462e+16
2076430.1072557748   2.9282426378991896e+16
2110203.4285685965   2.8420351203237324e+16
2144526.0759716653   2.7583604190517076e+16
2179406.984302954   2.677144263731675e+16
2214855.2337263594   2.598314557642813e+16
2250880.0520954616   2.5218013142062656e+16
2287490.817355704   2.4475365953471656e+16
2324697.0599856456   2.375454451653365e+16
2362508.4654779453   2.305490864278606e+16
2400934.8768606517   2.2375836885395356e+16
2439986.29725955   2.1716725991570924e+16
2479672.8925021603   2.107699037094576e+16
2520004.9937640894   2.0456061579458964e+16
2560993.1002584565   1.9853387818288372e+16
2602647.8819690044   1.9268433447397036e+16
2644980.1824277197   1.8700678513266384e+16
2688001.0215376075   1.814961829040441e+16
2731721.5984413736   1.761476283622772e+16
2776153.294436798   1.7095636558927666e+16
2821307.6759394705   1.6591777797943804e+16
2867196.49749377   1.6102738416676204e+16
2913831.7048327886   1.5628083407081422e+16
2961225.4379880317   1.51673905058057e+16
3009390.0344497245   1.4720249821519214e+16
3058338.032378432   1.4286263473126396e+16
3108082.173869064   1.3865045238533428e+16
3158635.408267819   1.3456220213668158e+16
3210010.8955431683   1.305942448145154e+16
3262222.009711673   1.2674304790431842e+16
3315282.3423194233   1.2300518242800666e+16
3369205.705980267   1.1937731991515554e+16
3424006.1379714254   1.1585622946266476e+16
3479697.903887688   1.1243877488026376e+16
3536295.5013550464   1.0912191191936602e+16
3593813.6638046256   1.059026855828481e+16
3652267.3643081756   1.0277822751338104e+16
3711671.8194757667   9974575345804184.0
3772042.4934169934   9680256080696944.0
3833395.1017666054   9394602620391072.0
3895745.615775501   9117360322656720.0
3959110.266468459   8848282013469407.0
4023505.548869293   8587127768399306.0
4088948.2262948644   8333664700386738.0
4155455.3347188793   8087666753718399.0
4223044.1872066725   7848914504023352.0
4291732.378422158   7617194964113130.0
4361537.789208006   7392301395495849.0
4432478.5912404   7174033125398436.0
4504573.251759463   6962195369136611.0
4577840.538376616   6756599057676655.0
4652299.523960189   6557060670237240.0
4727969.591600391   6363402071784828.0
4804870.439655134   6175450355279244.0
4883022.086877885   5993037688531328.0
4962444.877628913   5816001165537871.0
5043159.487171358   5644182662163238.0
5125186.927053332   5477428696040958.0
5208548.550577666   5315590290571932.0
5293266.058360566   5158522842899818.0
5379361.503980698   5006085995747566.0
5466857.299720181   4858143513002228.0
5555776.222398878   4714563158938961.0
5646141.419303672   4575216580977559.0
5737976.41421414   4439979195868743.5
5831305.113526219   4308730079209919.0
5926151.812475553   4181351858193164.5
6022541.201461928   4057730607491276.5
6120498.372476703   3937755748189942.0
6220048.825634718   3821319949677328.0
6321218.475812448   3708319034404597.5
6424033.659394191   3598651885433512.0
6528521.141127847   3492220356689861.0
6634708.121092351   3388929185843423.0
6742622.241778349   3288685909737955.5
6852291.595284058   3191400782296643.5
6963744.730628222   3096986694830615.0
7077010.6611818895   3005359098680528.0
7192118.872221193   2916435930122778.5
7309099.328602918   2830137537474368.0
7427982.48256491   2746386610332111.0
7548799.281653431   2665108110883754.5
7671581.176779302   2586229207230633.0
7796360.130405237   2509679208662831.5
7923168.624866262   2435389502829955.0
8052039.670825469   2363293494752063.0
8183006.81586739   2293326547616887.5
8316104.153230961   2225425925311307.0
8451366.330684721   2159530736636137.8
8588828.559546258   2095581881155197.5
8728526.623848371   2033521996630802.0
8870496.889654404   1973295407999262.0
9014776.314524917   1914848077841472.2
9161402.457138522   1858127558304706.2
9310413.487069085   1803082944433293.8
9461848.194721993   1749664828866941.5
9615746.001432095   1697825257866642.0
9772146.969725724   1647517688629468.8
9931091.813749801   1598696947854386.5
10092621.909870485   1551319191522603.0
10256779.307444207   1505341865856880.5
10423606.739764012   1460723669425289.5
10593147.6351837   1417424516356021.5
10765446.128423158   1375405500630597.0
10940547.072057435   1334628861424024.2
11118496.048192699   1295057949461253.0
11299339.380332217   1256657194360111.0
11483124.145435112   1219392072931976.5
11669898.186171474   1183229078412010.2
11859710.123376707   1148135690591848.0
12052609.368708413   1114080346828273.9
12248646.137509307   1081032413902251.1
12447871.461879062   1048962160703437.6
12650337.203959038   1017840731715962.0
12856096.069432965   987640121282042.9
13065201.621247198   958333148620669.8
13277708.293554291   929893433579201.2
13493671.405883064   902295373096485.6
13713147.177539457   875514118356582.8
13936192.742241435   849525552612918.8
14162866.162991975   824306269663215.8
14393226.447194064   799833552956126.0
14627333.5620113   776085355311103.4
14865248.449978571   753040279233490.9
15107033.044866556   730677557807427.5
15352750.28780421   708977036149638.5
15602464.143663712   687919153407644.5
15856239.61771137   667484925286518.0
16114142.772530198   647655927088562.5
16376240.74521689   628414277251039.5
16642601.764859019   609742621367228.5
16913295.170296505   591624116676696.5
17188391.428171456   574042417011062.0
17467962.151272457   556981658181811.9
17752080.11717636   540426443797309.75
18040819.28719381   524361831496353.4
18334254.825622927   508773319586075.6
18632463.1193156   493646834072380.75
18935521.797562953   478968716071320.7
19243509.75230332   464725709590340.56
19556507.15865947   450904949668471.5
19874595.495809857   437493950864970.9
20197857.568198785   424480596086222.6
20526377.52709252   411853125740903.4
20860240.89248505   399600127213868.6
21199534.57536069   387710524649353.9
21544346.900318865   376173569034432.75
21894767.628566206   364978828573948.4
22250887.981283695   354116179348316.4
22612800.663372796   343575796245957.3
22980599.887588486   333348144162260.0
23354381.399064817   323423969457268.8
23734242.50023866   313794291664520.9
24120282.07618007   304450395443619.56
24512600.6203334   295383822769444.0
24911300.26067786   286586365351011.7
25316484.786313582   278050057273263.88
25728259.67447932   269767167855251.7
26146732.11801092   261730194718326.94
26572011.053245068   253931857058223.44
27004207.1883777   246365089115006.56
27443433.032283682   239023033835093.44
27889802.923804395   231899036719720.94
28343433.061513092   224986639854350.78
28804441.53396298   218279576113741.84
29272948.35042813   211771763537497.06
29749075.472144436   205457299871094.75
30232946.844057765   199330457267551.75
30724688.427090034   193385677144973.06
31224428.230928577   187617565195445.75
31732296.34734973   182020886540802.78
32248424.984084453   176590561030954.88
32772948.49923382   171321658680609.8
33306003.436245885   166209395240289.44
33847728.55945983   161249127897731.66
34398264.89022921   156436351105818.2
34957755.743632786   151766692533323.75
35526346.765781395   147235909134885.12
36104185.97173338   142839883336662.2
36691423.78402494   138574619334321.72
37288213.0718283   134436239500019.69
37894709.19074672   130420980895186.92
38511070.02325569   126525191886016.16
39137456.01980384   122745328858612.06
39774030.240580365   119077953030898.02
40420958.39796302   115519727358418.12
41078408.89965651   112067413531278.73
41746552.89253135   108717869059559.75
42425564.307177775   105468044444573.62
43115619.90318228   102314980433472.86
43816899.31514186   99255805354734.84
44529585.0994266   96287732532155.47
45253862.78170167   93408057775045.56
45989920.90522438   90614156942376.22
46737951.079924636   87903483578714.78
47498148.032284945   85273566619826.88
48270709.656031884   82722008165899.73
49055837.06365045   80246481320403.12
49853734.63873894   77844728092644.22
50664610.089212686   75514557362157.72
51488674.50137487   73253842903099.66
52326142.394866675   71060521466885.36
53177231.77850967   68932590921359.97
54042164.20705915   66868108444829.02
54921164.838877894   64865188773346.055
55814462.49454955   62922002499681.43
56722289.71644549   61036774422453.82
57644882.82925873   59207781943952.43
58582482.00152536   57433353515207.02
59535331.3081437   55711867126926.195
60503678.79391212   54041748844945.266
61487776.538100295   52421471388876.625
62487880.72006888   50849552752693.18
63504251.68595962   49324554866003.44
64537154.01646702   47845082294828.38
65586856.59571422   46409780980710.64
66653632.6812492   45017337017029.2
67737759.97517745   43666475461427.36
68839520.69645496   42355959183282.59
69959201.65435374   41084587745195.44
71097094.32312424   39851196317488.484
72253494.91787222   38654654624745.49
73428704.47166757   37493865923449.63
74623028.91391107   36367766009797.95
75836779.1499719   35275322256811.04
77070271.14212288   34215532679868.805
78323825.99179204   33187425029836.695
79597770.02314977   32190055912971.934
80892434.86805938   31222509936815.07
82208157.5524054   30283898881307.418
83545280.58382854   29373360894386.117
84904152.04088755   28490059711337.273
86285125.66366887   27633183897208.555
87688560.94587426   26801946111597.09
89114823.22840202   25995582395158.65
90564283.79445294   25213351477193.33
92037319.9661823   24454534103688.477
93534315.20292377   23718432385215.75
95055659.20101191   23004369164095.805
96601747.99522646   22311687400264.07
98172984.06188841   21639749575284.57
99769776.42363212   20987937113977.586
101392540.75588143   20355649823141.676
103041699.49505854   19742305346865.227
104717681.94855203   19147338637939.055
106420924.40647268   18570201444895.086
108151870.25522892   18010361814209.1
109910970.09294961   17467303607221.164
111698681.84678249   16940526031339.797
113515470.8920999   16429543185108.219
115361810.17364761   15933883616722.238
117238180.32865998   15453089895605.309
119145069.81197748   14986718196654.324
121082975.0232037   14534337896780.96
123052400.43592615   14095531183388.094
125053858.72903939   13669892674427.7
127087870.92020595   13257029049698.062
129154966.50148827   12856558693049.16
131255683.57718454   12468111345174.494
133390569.00390586   12091327766676.496
135560178.5329366   11725859411101.338
137765076.9549055   11371368107650.473
140005838.2468096   11027525753282.375
142283045.7214349   10694014013926.328
144597292.17920196   10370524034540.89
146949180.06248203   10056756157754.828
149339321.61242533   9752419650836.86
151768339.02834037   9457232440748.621
154236864.62966305   9170920857042.34
156745541.0205595   8893219382371.223
159295021.25721198   8623870410386.947
161885969.0178199   8362624010807.411
164519058.77536607   8109237701442.152
167194975.9731992   7863476226969.2705
169914417.2034626   7625111344265.91
172678090.38843596   7393921614096.762
175486714.9648152   7169692198974.615
178341022.07100064   6952214667008.678
181241754.73742396   6741286801565.25
184189668.07997108   6536712416568.218
187185529.49655753   6338301177272.322
190230118.86689457   6145868426348.249
193324228.7555043   5959235015122.158
196468664.61804485   5778227139816.693
199664245.01097932   5602676182646.773
202911801.80466822   5432418557625.239
206212180.39991444   5267295560940.451
209566239.94804308   5107153225769.351
212974853.57455233   4951842181395.826
216438908.60640204   4801217516506.602
219959306.80300704   4655138646540.799
223536964.59097967   4513469184973.873
227172813.30269027   4376076818419.2856
230867799.4187172   4242833185434.537
234622884.81422624   4113613758922.8496
238439047.00937253   3988297732023.086
242317279.42376006   3866767907385.693
246258591.6350544   3748910589733.5146
250264009.64179218   3634615481611.0435
254334576.13046482   3523775582227.385
258471350.74695584   3416287089301.154
262675410.37238383   3312049303818.9473
266947849.4034318   3210964537620.8633
271289780.037247   3112938023729.1694
275702332.56095827   3017877829339.452
280186655.6459201   2925694771394.759
284743916.64672476   2836302334666.8975
289375301.90509474   2749616592270.034
294082017.0587067   2665556128535.055
298865287.3550383   2584041964174.5684
303726357.97033054   2504997483670.507
308666494.3337274   2428348364818.8906
313686982.45668733   2354022510367.6157
318789129.2677649   2281949981685.1377
323974262.9528195   2212062934400.275
329243733.30077755   2144295555954.2153
334598912.0549975   2078584005008.608
340041193.27037024   2014866352654.2046
345571993.6762143   1953082525367.1206
351192753.0450728   1893174249660.7349
356904934.5675222   1835084998382.8428
362710025.23306483   1778759938609.5579
368609536.2172154   1724145881088.498
374605003.27489966   1671191231185.19
380697987.1402284   1619845941288.4504
386890073.9327983   1570061464631.0732
393182875.570577   1521790710484.2788
399578030.18952656   1474988000684.782
406077202.57003695   1429609027455.2764
412682084.57029516   1385610812479.8306
419394395.56671774   1342951667196.8875
426215882.9015325   1301591154273.9385
433148322.3376394   1261490050228.7163
440193518.5208879   1222610309162.7993
447353305.4498463   1184915027574.853
454629546.9532409   1148368410221.1753
462024137.1751313   1112935736992.7751
469539001.0680053   1078583330778.5188
477176094.89387506   1045278526285.3157
484937406.7335233   1012989639786.825
492824957.0040503   981685939773.0603
500840798.98482126   951337618474.292
508987019.35196745   921915764233.2062
517265738.72160244   893392334700.074
525679112.2018419   865740130826.6594
534229329.9538363   838932771634.9327
542918617.7618942   812944669737.7924
551749237.6129117   787751007589.2593
560723488.2852038   763327714442.6312
569843705.9469136   739651443995.503
579112264.7641747   716699552701.1849
588531577.519145   694450078726.8413
598104096.2380931   672881721539.0579
607832312.8297236   651973822098.1588
617718759.7338488   631706343643.304
627766010.5806513   612059853050.6401
637976680.8606282   593015502747.6456
648353428.6054714   574555013166.9736
658898955.0799956   556660655723.8799
669616005.4853215   539315236301.61694
680507369.6735193   522502079229.64343
691575882.8738525   506205011740.08606
702824426.4308338   490408348888.17834
714255928.5543134   475096878922.84534
725873365.0817245   460255849094.1377
737679760.2527746   445870951884.39856
749678187.4966877   431928311650.681
761871770.2322984   418414471666.0628
774263682.6811278   405316381548.0825
786857150.6936843   392621385062.7324
799655452.589233   380317208292.8098
812661920.0091945   368391948159.834
825879938.7844255   356834061288.9779
839312949.8166373   345632353206.7724
852964449.9741017   334775967861.74884
866837993.0019791   324254377458.3123
880937190.4473991   314057372594.60944
895265712.5996382   304175052695.2535
909827289.4455568   294597816730.18884
924625711.6405734   285316354211.1448
939664831.4954672   276321636457.3879
954948563.9791967   267604908122.7918
970480887.7380327   259157678976.4135
986265846.131283   250971715929.01813
1002307548.2838644   243039035298.2265
1018610170.1559774   235351895305.1839
1035177955.6301762   227902788795.84006
1052015217.6161569   220684436180.1249
1069126339.1734772   213689778582.56015
1086515774.6525373   206911971197.98108
1104188050.854158   200344376846.23535
1122147768.2079802   193980559719.958
1140399601.9700353   187814279319.64374
1158948303.4398117   181839484570.42444
1177798701.197118   176050308115.1373
1196955702.3590453   170441060778.42737
1216424293.857368   165006226196.7742
1236209543.7367666   159740455609.4796
1256316602.4741216   154638562805.8332
1276750704.3192644   149695519223.77942
1297517168.6575842   144906449195.55426
1318621401.3947484   140266625335.92004
1340068896.3639534   135771464068.72989
1361865236.7560828   131416521287.68433
1384016096.5731301   127197488147.27628
1406527242.1052392   123110186980.03629
1429404533.431761   119150567336.2996
1452653925.9467783   115314702142.8242
1476281471.909391   111598783976.72293
1500293322.0192168   107999121451.25128
1524695727.0175698   104512135710.0989
1549495039.3146317   101134357026.95229
1574697714.64309   97862421507.1727
1600310313.7387018   94693067888.52846
1626339504.0481906   91623134438.02087
1652792061.4648972   88649555941.92896
1679674872.0926533   85769360786.27855
1706994934.0384045   82979668125.0202
1734759359.2339325   80277685133.3012
1762975375.287204   77660704343.2733
1791650327.363896   75126101059.9578
1820791680.0994625   72671330854.777
1850407019.542306   70293927134.41711
1880504055.1285834   67991498782.76079
1911090621.689136   65761727873.69791
1942174681.4890285   63602367452.68916
1973764326.3002553   61511239385.0155
2005867779.50823   59486232268.705444
2038493398.252464   57525299410.20601
2071649675.6020668   55626456860.905975
2105345242.7666996   53787781512.67764
2139588871.3434215   52007409250.67018
2174389475.6000843   50283533161.62712
2209756114.795903   48614401796.05626
2245697995.5397716   46998317482.631454
2282224474.186901   45433634693.25534
2319345059.2744274   43918758457.25545
2357069413.996723   42452142823.22938
2395407358.7208796   41032289367.110306
2434368873.543118   39657745745.05539
2473964100.8868065   38327104289.80527
2514203348.1427965   37039000649.202774
2555097090.3525124   35792112465.60869
2596655972.9348726   34585158094.968765
2638890814.4575076   33416895364.344704
2681812609.453018   32286120366.748943
2725432531.281028   31191666292.158333
2769761935.0368853   30132402293.614628
2814812360.507581   29107232387.3601
2860595535.1757507   28115094385.982155
2907123377.272569   27154958863.57308
2954407998.8803797   26225828151.94326
3002461709.0855556   25326735366.961914
3051297017.182871   24456743464.11297
3100926635.9319234   23614944322.397892
3151363484.8664827   22800457855.73684
3202620693.65765   22012431151.047237
3254711605.5318413   21250037632.203114
3307649780.7442427   20512476249.109325
3361449000.1087756   19798970691.143444
3416123268.585518   19108768624.24337
3471686818.9265594   18441140950.942165
3528154115.3808904   17795381092.678246
3585539857.459817   17170804293.71999
3643858983.7635407   16566746946.07576
3703126675.8699307   15982565934.775625
3763358362.286533   15417638002.930672
3824569722.4669914   14871359135.994411
3886776690.892668   14343143964.672424
3949995461.220655   13832425185.940674
4014242490.4993095   13338653001.650177
4079534503.452449   12861294574.213367
4145888496.8329196   12399833498.885612
4213321743.847289   11953769292.163406
4281851798.6524067   11522616895.84304
4351496500.925055   11105906196.293585
4422273980.505897   10703181558.512257
4494202662.119133   10314001374.541962
4567301270.168747   9937937625.846298
4641588833.612792   9574575459.245731
4717084690.917003   9223512776.031227
4793808495.089107   8884359833.882101
4871780218.794641   8556738861.227669
4951020159.556352   8240283683.696466
5031548945.038046   7934639362.311974
5113387538.414331   7639461843.099766
5196557243.827658   7354417617.780155
5281079711.93432   7079183395.227808
5366976945.540476   6813445783.389748
5454271305.329847   6556900981.358659
5542985515.684652   6309254481.305908
5633142670.601352   6070220779.985984
5724766239.70219   5839523099.532026
5817880074.344935   5616893117.264982
5912508413.831869   5402070704.248655
6008675891.719693   5194803672.327354
6106407542.232037   4994847529.388554
6205728806.776487   4801965242.598494
6306665540.567406   4615927009.365349
6409244019.35647   4436510035.788771
6513490946.272782   4263498322.359976
6619433458.774388   4096682456.6820774
6727099135.712351   3935859412.9864807
6836516004.510239   3780832358.223523
6947712548.460226   3631410464.5133457
7060717714.13778   3487408727.7465525
7175560918.936921   3348647792.1293173
7292272058.728298   3214953780.4722843
7410881515.64157   3086158130.028382
7531420165.974391   2962097433.6886153
7653919388.230156   2842613286.3499546
7778411071.286482   2727552136.2745767
7904927622.696437   2616765141.2644777
8033501977.124735   2510108029.4802146
8164167604.921455   2407440964.737024
8296958520.834915   2308628416.1172323
8431909292.866251   2213539031.7418604
8569055051.26833   2122045516.5492206
8708431497.690723   2034024513.9336596
8850074914.473457   1949356491.101645
8994022174.092052   1867925628.0072532
9140310748.756224   1789619709.7339382
9288978720.164516   1714330022.1940947
9440064789.417603   1641951251.0222888
9593608287.093126   1572381383.5424902
9749649183.484097   1505521613.694503
9908228099.003788   1441276249.8087397
10069386314.76025   1379552625.1227994
10233165783.302448   1320261010.937985
10399609139.541224   1263314532.3175578
10568759711.848051   1208629086.2327015
10740661533.334324   1156123262.0662284
10915359353.313932   1105718264.3879335
11092898648.952229   1057337837.9191504
11273325637.104849   1010908194.6076403
11456687286.348726   966357942.7378109
11643031329.208755   923618018.0043542
11832406274.583755   882621616.4807674
12024861420.374123   843304129.4176763
12220446866.31491   805603079.8086659
12419213527.017847   769458060.6643522
12621213145.22546   734810674.9383576
12826498305.280624   701604477.0515589
13035122446.815088   669784915.9635462
13247139878.661148   639299279.7426262
13462605792.98911   610096641.5883379
13681576279.674706   582127807.2624325
13904108340.90067   555345263.8864893
14130259905.995337   529703130.066522
14360089846.512636   505157107.30666
14593657991.557577   481664432.67585075
14831025143.361029   459183832.6932947
15072253093.107586   437675478.3999363
15317404637.020798   417100941.5848027
15566543592.710588   397423152.1363791
15819734815.786015   378606356.49067724
16077044216.73822   360616077.14875126
16338538778.09857   343419073.2376076
16604286571.875296   326983302.0896533
16874356777.273792   311277881.81671107
17148819698.705408   296273054.85558563
17427746784.089172   281940152.4630847
17711210643.450905   268251560.13919234
17999285067.824764   255180683.95782495
18292045048.462902   242701917.78525773
18589566796.356884   230790611.36704436
18891927762.076645   219423039.2647474
19199206655.93279   208576370.62435293
19511483468.466164   198228639.75882223
19828839491.270756   188358717.52760673
20151357338.155586   178946283.49640244
20479120966.650833   169971798.86082387
20812215699.863415   161416480.11805204
21150728248.687946   153262273.47081372
21494746734.37976   145491829.94835898
21844360711.494286   138088481.229434
22199661191.199524   131036216.15246029
22560740664.968544   124319657.89838496
22927693128.656487   117924041.83194914
23300614106.969296   111835193.9872818
23679600678.330788   106039510.18394461
24064751500.154217   100523935.7597597
24456166834.52449   95275945.90693507
24853948574.297985   90283526.59817162
25258200269.627796   85535156.0895941
25669027154.919518   81019786.98754708
26086536176.22556   76726828.86642
26510836019.085308   72646131.42483504
26942037136.81882   68767968.16768627
27380251779.278633   65083020.601695105
27825594022.07126   61582362.93223198
28278179796.253384   58257447.24936973
28738126918.510693   55100089.19125446
29205555121.82745   52102454.073034935
29680586086.655964   49257043.46973319
30163343472.591972   46556682.24161317
30653952950.56536   43994505.990734614
31152542235.554783   41563948.93754278
31659241119.835205   39258732.20650354
32174181506.763783   37072852.50996433
32697497445.11768   35000571.21954476
33229325163.98968   33036403.81456034
33769803108.25095   31175109.697131157
34319071974.590427   29411682.36379457
34877274748.1417   27741339.923605196
35444556739.70435   26159515.952886317
36021065623.57081   24661850.67695529
36606951475.96891   23244182.469322845
37202366814.13066   21902539.65904113
37807466635.99357   20633132.63705912
38422408460.550606   19432346.25259673
39047352368.85556   18296732.490748636
39682461045.69486   17223003.422697358
40327899821.93705   16208024.420093764
40983836717.57253   15248807.625339845
41650442485.45185   14342505.669693468
42327890655.73562   13486405.631285682
43016357581.06782   12677923.22532264
43716022482.48502   11914597.218922535
44427067496.06892   11194084.06321961
45149677720.361015   10514152.735530898
45884041264.54752   9872679.784569167
46630349297.42736   9267644.571854757
47388796097.17651   8697124.702652395
48159579101.92341   8159291.639929975
48942898961.14532   7652406.495008736
49738959587.90078   7174815.9887394635
50547968211.91225   6724948.577206456
51370135433.51339   6301310.736126546
52205675278.46986   5902483.398275049
53054805253.69574   5527118.53842316
53917746403.87495   5173935.900436542
54794723369.00293   4841719.861337047
55685964442.86409   4529316.427283107
56591701632.46231   4235630.356574115
57512170718.41614   3959622.404933612
58447611316.336494   3700306.6884690407
59398266939.203384   3456748.1598491757
60364385060.75864   3228060.1933803977
61346217179.925186   3013402.2748010857
62344018886.27864   2811977.791743455
63358049926.58241   2623031.9209470376
64388574272.40426   2445849.60843474
65435860188.83229   2279753.6389881307
66500180304.31105   2124102.791380623
67581811681.6111   1978290.0759476793
68681035889.95322   1841741.051188583
69798139078.30638   1713912.2162085604
70933412049.8799   1594289.4759211137
72087150337.8215   1482386.6760391525
73259654282.1523   1377744.2049862659
74451229107.95128   1279927.6599639528
75662185004.81062   1188526.5745091075
76892837207.58305   1103153.204973037
78143506078.44527   1023441.3734470342
79414517190.2934   949045.364751094
80706201411.49524   879638.8751903223
82018894992.02211   814914.010869734
83352939650.98187   754580.3334417711
84708682665.5742   698363.9512414754
86086476961.49245   646006.6538422946
87486681204.79897   597265.088141147
88909659895.29167   551909.9741552596
90355783461.3892   509725.35878395574
91825428356.56264   470507.9058573274
93318977157.33238   434066.22086027346
94836818662.85947   400220.20878424484
96379347996.15796   368800.4636212551
97946966706.95386   339647.6880747605
99540082876.2154   312612.1421198335
101159111222.38298   287553.11910072784
102804473209.33076   264338.44810774503
104476597156.08052   242844.02142752247
106175918348.2999   222953.34591083563
107902879151.61813   204557.11715030178
109657929126.78099   187552.8154069724
111441525146.67905   171844.32226941924
113254131515.28127   157341.55707217992
115096220088.50311   143960.13214206588
116968270397.03871   131621.02598077792
118870769771.19032   120250.27353064805
120804213467.73265   109778.67270728394
122769104798.83604   100141.50641856369
124765955263.08685   91278.27932358022
126795284678.64313   83132.46861798798
128857621318.5518   75651.28816375177
130953502048.26704   68785.46531152712
133083472465.40761   62489.02979303536
135248087041.7874   56719.11408877892
137447909267.75394   51435.76470322631
139683511798.87396   46601.763805250564
141955476605.00986   42182.46071623766
144264395121.8159   38145.61275197627
146610868404.6983   34461.23494709932
148995507285.28506   31101.458212564714
151418932530.4352   28040.395497462552
153881775003.83496   25254.01554632441
156384675830.2248   22720.023862218277
158928286562.29764   20417.750504223768
161513269350.3093   18328.044365365087
164140297114.44666   16433.173593787822
166810053720.00558   14716.731835962988
169523234155.41214   13163.54999604741
172280544713.13922   11759.613220182848
175082703173.572   10491.982828522996
177930438991.85773   9348.722931152106
180824493487.79553   8318.831476827909
183765620038.81723   7392.175495718824
186754584276.10742   6559.430308998943
189792164283.91034   5812.022489313931
192879150802.07776   5142.076366758637
196016347431.91818   4542.3638851593305
199204570845.38712   4006.2576231655353
202444650997.68018   3527.6868039220776
205737431343.29074   3101.096125922535
209083769055.575   2721.407256057859
212484535249.88873   2383.9828338934085
215940615210.35675   2084.592843873186
219452908620.33115   1819.3832194619963
223022329796.5941   1584.8465501947608
226649807927.3693   1377.7947692206408
230336287314.21265   1195.333705238986
234082727617.82944   1034.8393887467564
237890104107.8891   893.9360082554864
241759407916.91235   770.4754175930002
245691646298.27902   662.5181005931137
249687842888.4332   568.3155044138349
253749037973.35718   486.2936574348362
257876288759.37982   415.03799217116483
262070669648.38553   353.27929790201927
266333272517.49808   299.8807317601935
270665207003.32358   253.82582087809445
275067600790.80676   214.2073918560481
279541599906.7865   180.2173673110746
284088369018.3295   151.13737258065592
288709091735.92346   126.33009880275864
293404970921.5793   105.23137158512574
298177229001.96735   87.34287732615036
303027108286.63934   72.22550196143925
307955871291.423   59.49323948298107
312964801067.0751   48.80763001787264
318055201533.2913   39.87268957223926
323228397818.13806   32.43029575395937
328485736603.0054   26.255995887999667
333828586473.17505   21.155205930664863
339258338274.0992   16.95977047784066
344776405473.44714   13.524855956570606
350384224529.06757   10.726150797488208
356083255262.9274   8.45734801054181
361874981241.1284   6.627887127594066
367760910160.1031   5.1609339360043816
373742574239.10565   3.991577814359564
379821530619.0736   3.06522780189806
385999361767.9779   2.336189788913911
392277675892.77075   1.766408406189658
398658107358.0439   1.3243583193662096
405142317111.4656   0.9840707046649169
411731993116.1679   0.7242817008048436
418428850790.1576   0.527690599916149
425234633452.86865   0.38031645716153223
432151112778.9762   0.2709426660144255
439180089259.6077   0.19063986784730663
446323392671.03973   0.13235834470003682
453582882551.02   0.09058178392076248
460960448682.842   0.06103500208279311
468458011587.3045   0.04043887391765015
476077523022.63776   0.026306332962834265
483820966492.5957   0.016773897203656043
491690357762.8021   0.010463725861819548
499687745385.4889   0.006371731793933539
507815211232.7671   0.0037777579693215506
516074871038.5897   0.0021742783084683533
524468874949.5119   0.0012105049809050792
532999408084.4104   0.0006491764681441786
541668691103.31354   0.0003336624312798546
550478980785.4968   0.00016335270568071652
559432570616.9388   7.560015014524253e-05
568531791387.3754   3.276237019567271e-05
577779011797.0496   1.3135921268269124e-05
587176639073.3262   4.7979295546659785e-06
596727119597.331   1.5643666184386053e-06
606432939540.8049   4.4307204426319237e-07
616296625513.2942   1.0496113693740371e-07
626320745219.8705   1.968429832768534e-08
636507908129.5552   2.6835297451223823e-09
646860766154.6321   2.2981739146381817e-10
657382014340.9598   9.204187539932587e-12
668074391569.5615   8.595418283804869e-14
678940681269.6099   2.2863309555905257e-16
689983712143.0026   0.0
701206358900.7177   0.0
712611543011.1731   0.0
724202233460.7316   0.0
735981447526.5786   0.0
747952251562.1798   0.0
760117761795.5322   0.0
772481145140.3416   0.0
785045620020.4509   0.0
797814457207.6613   0.0
810790980673.1694   0.0
823978568452.8511   0.0
837380653526.6472   0.0
851000724712.2246   0.0
864842327573.1744   0.0
878909065341.9963   0.0
893204599858.096   0.0
907732652521.0242   0.0
922497005259.2174   0.0
937501501514.527   0.0
952750047242.73   0.0
968246611930.3114   0.0
983995229627.8207   0.0
1000000000000.0   0.0
