# `pi` Integrated Spectrum / 1/GeV - 2024/07/19 03:03:36
# Nucleus:
#     n = 1e+14 1/cm**3
#     d = 1e+15 cm
# Energy / GeV # Spectrum / 1/GeV
100000.0   1.2254693623966592e+24
101626.50893929951   1.1685247073340715e+24
103279.47319189525   1.1141970428189472e+24
104959.32305582266   1.062367904993587e+24
106666.49582795388   1.0129241461657534e+24
108401.43591783309   9.657576119465959e+23
110164.59496336569   9.207649009826414e+23
111956.43194838794   8.778471993126956e+23
113777.41332214902   8.369101215486025e+23
115628.01312073754   7.978635452470299e+23
117508.71309048076   7.606213537480727e+23
119420.00281335325   7.251012401828569e+23
121362.37983442418   6.912245722601791e+23
123336.34979137748   6.5891626274714e+23
125342.42654613995   6.28104635701576e+23
127381.13231864785   5.987212220721003e+23
129452.9978227916   5.7070060034696445e+23
131558.56240457052   5.439802865810612e+23
133698.37418249453   5.185006291600743e+23
135872.9901902709   4.942047010427774e+23
138082.97652180924   4.710381376144282e+23
140328.9084785873   4.48949007515307e+23
142611.37071941298   4.278877234890909e+23
144930.9574126215   4.078069571620975e+23
147288.27239075018   3.886615524433612e+23
149683.92930772554   3.7040839712925915e+23
152118.55179861048   3.5300631848336546e+23
154592.77364194786   3.3641601117732824e+23
157107.2389247449   3.2059996848616625e+23
159662.6022101425   3.055224128429862e+23
162259.5287078087   2.9114919433934323e+23
164898.69444710648   2.774477065259466e+23
167580.78645307687   2.6438682832413746e+23
170306.50292528427   2.5193686862643008e+23
173076.55341957242   2.4006951071857958e+23
175891.65903277326   2.2875773216547716e+23
178752.55259042355   2.1797573707359076e+23
181659.97883753286   2.0769890937711123e+23
184614.69463245457   1.9790376834223564e+23
187617.46914391196   1.8856792416860215e+23
190669.0840512252   1.7967001484483006e+23
193770.3337477989   1.7118965176973967e+23
196922.02554791735   1.6310738226747897e+23
200124.9798969035   1.5540465392962918e+23
203380.030584698   1.4806377920658578e+23
206688.0249629082   1.4106788570339734e+23
210049.82416539153   1.3440087261030579e+23
213466.30333242455   1.2804738068262606e+23
216938.35183851823   1.2199276372351756e+23
220466.87352394077   1.1622306038820094e+23
224052.7869300018   1.1072495510637973e+23
227697.025538168   1.0548574323609525e+23
231400.5380130654   1.0049330706451588e+23
235164.2884494351   9.573609304367289e+22
238989.25662310477   9.120308936966557e+22
242876.43824604506   8.688379529362651e+22
246826.84522556924   8.27681932984727e+22
250841.50592775413   7.884672994382885e+22
254921.46544514256   7.51102977247768e+22
259067.78586880062   7.15502172660576e+22
263281.546564802   6.815821324520211e+22
267563.84445520455   6.492639221074787e+22
271915.7943036019   6.184722731570831e+22
276338.52900531725   5.891354388267068e+22
280833.199882317   5.6118505279624564e+22
285400.97698292375   5.345559404804883e+22
290043.04938639916   5.091859424373729e+22
294760.62551248586   4.850157928537533e+22
299554.9334359816   4.61989004848199e+22
304427.22120642994   4.400517585531631e+22
309378.7571730137   4.191527533177342e+22
314410.8303147265   3.99243067305161e+22
319524.7505759214   3.802760608878819e+22
324721.8492073132   3.622072856272917e+22
330003.4791125282   3.4499439567855526e+22
335371.01520029287   3.285970321302758e+22
340825.85474234517   3.1297671151075446e+22
346369.41773717344   2.9809674906821833e+22
352003.14727966825   2.8392218662387105e+22
357728.50993678696   2.7041972250192053e+22
363546.99612933176   2.575576210811313e+22
369460.12051993026   2.4530562435769482e+22
375469.4224073337   2.336348910762408e+22
381576.46612712526   2.2251793960340373e+22
387782.84145894536   2.1192859255483073e+22
394090.16404034477   2.018419061072372e+22
400500.07578736113   1.9223409992377194e+22
407014.2453219439   1.830825089029342e+22
413634.3684063278   1.7436553798928183e+22
420362.1683844718   1.6606261844754903e+22
427199.3966306777   1.5815415264928166e+22
434147.8330055092   1.5062145860265686e+22
441209.286319119   1.434467317336196e+22
448385.59480211907   1.366130091709634e+22
455678.6265841069   1.3010413524137772e+22
463090.2801799737   1.239047183649101e+22
470622.48498412815   1.180000871858889e+22
478277.20177274855   1.123762603217463e+22
486056.42321421386   1.070199181588879e+22
493962.1743878326   1.0191837564123988e+22
501996.51331100793   9.70595486341662e+21
510161.5314749834   9.243191926015075e+21
518459.3543892913   8.802451196940726e+21
526892.1421350677   8.382687128348487e+21
535462.0899273613   7.98290403479787e+21
544171.4286865888   7.60215346955591e+21
553022.42561929   7.23953148772339e+21
562017.3848083188   6.894176754439943e+21
571158.6478126434   6.565268789777798e+21
580448.5942768984   6.252026279217755e+21
589889.6425508494   5.953705027823396e+21
599484.2503189408   5.669595801028466e+21
609234.9152400711   5.399022829795027e+21
619144.1755977848   5.141342427418133e+21
629214.610961035   4.895941659234971e+21
639448.8428556937   4.662236747885128e+21
649849.5354469889   4.4396713710609865e+21
660419.3962330305   4.2277154808647107e+21
671161.1767496286   4.025864214331697e+21
682077.6732865692   3.833636846455436e+21
693171.72761554   3.650575547403863e+21
704446.2277299037   3.476244041437865e+21
715904.1085964888   3.310226674805076e+21
727548.3529196233   3.152127558055916e+21
739381.9919175874   3.00156974238103e+21
751408.1061116962   2.8581942513266086e+21
763629.8261282241   2.7216590249340845e+21
776050.3335133571   2.591638184117573e+21
788672.8615614156   2.4678213557775415e+21
801500.6961565414   2.349913025062265e+21
814537.1766280737   2.2376317810948057e+21
827785.6966198472   2.130709486183556e+21
841249.7049736119   2.028890695451927e+21
854932.7066268384   1.9319321260209257e+21
868838.2635251193   1.8396021477949964e+21
882969.9955494083   1.7516801959897108e+21
897331.5814583519   1.6679561178189235e+21
911926.7598459298   1.588229714741046e+21
926759.3301146884   1.5123103251222574e+21
941833.153464796   1.4400164240492819e+21
957152.1538991856   1.371175165826411e+21
972720.3192450537   1.305621870513381e+21
988541.7021919574   1.2431996629731002e+21
1004620.4213468132   1.1837591448749343e+21
1020960.6623060475   1.1271580802830892e+21
1037566.6787451849   1.0732610394009929e+21
1054442.7935261684   1.0219389952391794e+21
1071593.3998226712   9.730690390563977e+20
1089022.9622637306   9.265341226641373e+20
1106736.0180959746   8.822228114725918e+20
1124737.1783647507   8.400290070924624e+20
1143031.1291144786   7.998516306747316e+20
1161622.632608502   7.615943986200111e+20
1180516.5285688057   7.251656201785352e+20
1199717.7354358856   6.904780035293021e+20
1219231.2516491094   6.574484397910005e+20
1239062.1569479157   6.259977545320796e+20
1259215.613694151   5.960505310132683e+20
1279696.8682159416   5.6753495126277685e+20
1300511.2521734098   5.403826438353061e+20
1321664.1839466037   5.145285156385355e+20
1343161.1700460154   4.899105570312255e+20
1365007.8065460138   4.664697025453861e+20
1387209.780541621   4.441497061306149e+20
1409772.8716289676   4.228970216605596e+20
1432702.9534098294   4.0266067198699294e+20
1456005.9950206485   3.833920961403595e+20
1479688.0626863963   3.65045039597841e+20
1503755.3212997385   3.47575456373735e+20
1528214.0360258708   3.3094141524827976e+20
1553070.5739334584   3.151029978040401e+20
1578331.4056521165   3.000221786879292e+20
1604003.1070568198   2.856627391663673e+20
1630092.3609797412   2.7199019030154288e+20
1656605.9589499151   2.5897169937948528e+20
1683550.8029612007   2.465760105088722e+20
1710933.9072690133   2.347733508320879e+20
1738762.4002162504   2.235353624314109e+20
1767043.5260889467   2.1283504206221853e+20
1795784.6470020968   2.026466834394233e+20
1824993.2448161505   1.929458154007138e+20
1854676.9230846975   1.8370912847454162e+20
1884843.4090337954   1.7491442124545055e+20
1915500.555573528   1.665405530846502e+20
1946656.3433422633   1.585673988840962e+20
1978318.8827841622   1.5097580089356268e+20
2010496.416260497   1.4374751125113117e+20
2043197.3201952705   1.3686514973977648e+20
2076430.1072557748   1.3031216671855929e+20
2110203.4285685965   1.2407280762521977e+20
2144526.0759716653   1.181320754586784e+20
2179406.984302954   1.1247568582059644e+20
2214855.2337263594   1.0709003364532303e+20
2250880.0520954616   1.0196216413499807e+20
2287490.817355704   9.70797449267183e+19
2324697.0599856456   9.2431036863291e+19
2362508.4654779453   8.800485883641361e+19
2400934.8768606517   8.379056158469356e+19
2439986.29725955   7.97780049077462e+19
2479672.8925021603   7.595753584607424e+19
2520004.9937640894   7.231996590538166e+19
2560993.1002584565   6.88565435754074e+19
2602647.8819690044   6.555893369488181e+19
2644980.1824277197   6.241919959052201e+19
2688001.0215376075   5.9429785972967555e+19
2731721.5984413736   5.658350118670316e+19
2776153.294436798   5.38734957370543e+19
2821307.6759394705   5.129324603960276e+19
2867196.49749377   4.8836540421316624e+19
2913831.7048327886   4.649746571488744e+19
2961225.4379880317   4.427039342293688e+19
3009390.0344497245   4.214996294572764e+19
3058338.032378432   4.013106878376866e+19
3108082.173869064   3.820884956713088e+19
3158635.408267819   3.6378677549669896e+19
3210010.8955431683   3.4636147822483243e+19
3262222.009711673   3.2977065217762804e+19
3315282.3423194233   3.139743423114358e+19
3369205.705980267   2.9893450424958845e+19
3424006.1379714254   2.8461492195910496e+19
3479697.903887688   2.7098112364331696e+19
3536295.5013550464   2.5800027951720284e+19
3593813.6638046256   2.456411224516084e+19
3652267.3643081756   2.3387388061365367e+19
3711671.8194757667   2.2267021296439497e+19
3772042.4934169934   2.1200314366567473e+19
3833395.1017666054   2.018469823105141e+19
3895745.615775501   1.921772614381214e+19
3959110.266468459   1.8297068375805473e+19
4023505.548869293   1.7420507161555055e+19
4088948.2262948644   1.658593158287115e+19
4155455.3347188793   1.5791331345889882e+19
4223044.1872066725   1.5034791861274583e+19
4291732.378422158   1.43144901094983e+19
4361537.789208006   1.3628690682006102e+19
4432478.5912404   1.2975741789858626e+19
4504573.251759463   1.235407041037377e+19
4577840.538376616   1.1762178413747542e+19
4652299.523960189   1.1198639323865944e+19
4727969.591600391   1.0662095217226291e+19
4804870.439655134   1.0151253608672793e+19
4883022.086877885   9.664883667138748e+18
4962444.877628913   9.201813166343414e+18
5043159.487171358   8.760925947267623e+18
5125186.927053332   8.341159489155246e+18
5208548.550577666   7.94150247922495e+18
5293266.058360566   7.560991862689202e+18
5379361.503980698   7.198710442396649e+18
5466857.299720181   6.853784891035163e+18
5555776.222398878   6.525383848681644e+18
5646141.419303672   6.212716025983269e+18
5737976.41421414   5.915027905021737e+18
5831305.113526219   5.631601849960297e+18
5926151.812475553   5.361754549912633e+18
6022541.201461928   5.104835528988264e+18
6120498.372476703   4.86022566562357e+18
6220048.825634718   4.627335401054989e+18
6321218.475812448   4.405603252325046e+18
6424033.659394191   4.19449459252573e+18
6528521.141127847   3.993500483966413e+18
6634708.121092351   3.8021365221881795e+18
6742622.241778349   3.619941440233481e+18
6852291.595284058   3.4464759384425334e+18
6963744.730628222   3.281321728978126e+18
7077010.6611818895   3.124080622089264e+18
7192118.872221193   2.9743736234858486e+18
7309099.328602918   2.831839847149476e+18
7427982.48256491   2.6961355945292503e+18
7548799.281653431   2.566933606085161e+18
7671581.176779302   2.4439223457833436e+18
7796360.130405237   2.326805296206284e+18
7923168.624866262   2.2153001118327306e+18
8052039.670825469   2.1091378945614244e+18
8183006.81586739   2.008062607413825e+18
8316104.153230961   1.911830514280671e+18
8451366.330684721   1.8202096293783475e+18
8588828.559546258   1.7329790579062e+18
8728526.623848371   1.6499284261057646e+18
8870496.889654404   1.5708574219827192e+18
9014776.314524917   1.4955753566363779e+18
9161402.457138522   1.423900734211556e+18
9310413.487069085   1.3556607385356503e+18
9461848.194721993   1.2906907848054141e+18
9615746.001432095   1.2288341598022019e+18
9772146.969725724   1.169941678432643e+18
9931091.813749801   1.1138713477626008e+18
10092621.909870485   1.0604879673625769e+18
10256779.307444207   1.009662776711571e+18
10423606.739764012   9.612731733449695e+17
10593147.6351837   9.152024439510408e+17
10765446.128423158   8.713395018737719e+17
10940547.072057435   8.295785760148966e+17
11118496.048192699   7.898189335558106e+17
11299339.380332217   7.519646591501783e+17
11483124.145435112   7.159244443993208e+17
11669898.186171474   6.816113827346755e+17
11859710.123376707   6.489427272778499e+17
12052609.368708413   6.17839672822026e+17
12248646.137509307   5.88227182841674e+17
12447871.461879062   5.6003382467799136e+17
12650337.203959038   5.3319160924095e+17
12856096.069432965   5.076358025588066e+17
13065201.621247198   4.833047543785974e+17
13277708.293554291   4.601397626323228e+17
13493671.405883064   4.380849444114911e+17
13713147.177539457   4.1708711068239174e+17
13936192.742241435   3.9709561963196666e+17
14162866.162991975   3.780622419385915e+17
14393226.447194064   3.599410545797355e+17
14627333.5620113   3.4268833982687706e+17
14865248.449978571   3.2626248731651405e+17
15107033.044866556   3.106238799301046e+17
15352750.28780421   2.9573478790566246e+17
15602464.143663712   2.8155928563071923e+17
15856239.61771137   2.6806317257448787e+17
16114142.772530198   2.5521389673430445e+17
16376240.74521689   2.4298046583730822e+17
16642601.764859019   2.3133336413194323e+17
16913295.170296505   2.202444871876133e+17
17188391.428171456   2.09687080001054e+17
17467962.151272457   1.9963567714710986e+17
17752080.11717636   1.900660336868846e+17
18040819.28719381   1.8095505979179008e+17
18334254.825622927   1.7228076965021734e+17
18632463.1193156   1.640222330188397e+17
18935521.797562953   1.561595284287724e+17
19243509.75230332   1.4867368942888435e+17
19556507.15865947   1.4154665322902837e+17
19874595.495809857   1.3476122065908459e+17
20197857.568198785   1.283010182454147e+17
20526377.52709252   1.2215046162156802e+17
20860240.89248505   1.1629471370426386e+17
21199534.57536069   1.107196443562232e+17
21544346.900318865   1.054117990048081e+17
21894767.628566206   1.0035836895770384e+17
22250887.981283695   9.55471627906402e+16
22612800.663372796   9.096657380789226e+16
22980599.887588486   8.660554836562288e+16
23354381.399064817   8.245356127570077e+16
23734242.50023866   7.850059257101426e+16
24120282.07618007   7.473710512948218e+16
24512600.6203334   7.11540193582572e+16
24911300.26067786   6.774268832243666e+16
25316484.786313582   6.449487846567709e+16
25728259.67447932   6.1402751424128264e+16
26146732.11801092   5.845884652630184e+16
26572011.053245068   5.565606109734063e+16
27004207.1883777   5.29876309344831e+16
27443433.032283682   5.044711519411163e+16
27889802.923804395   4.802838215754226e+16
28343433.061513092   4.572559554340793e+16
28804441.53396298   4.353319918422355e+16
29272948.35042813   4.144590170192435e+16
29749075.472144436   3.9458664660082e+16
30232946.844057765   3.756669142298885e+16
30724688.427090034   3.5765416449341264e+16
31224428.230928577   3.4050493370286416e+16
31732296.34734973   3.2417782963715864e+16
32248424.984084453   3.086334386551044e+16
32772948.49923382   2.93834238498381e+16
33306003.436245885   2.797445145432155e+16
33847728.55945983   2.6633026704269372e+16
34398264.89022921   2.5355911677384356e+16
34957755.743632786   2.414002322074703e+16
35526346.765781395   2.298242612623256e+16
36104185.97173338   2.1880326579111344e+16
36691423.78402494   2.0831064940873124e+16
37288213.0718283   1.9832108347754476e+16
37894709.19074672   1.8881044999906144e+16
38511070.02325569   1.7975578820126878e+16
39137456.01980384   1.7113524328643606e+16
39774030.240580365   1.6292801027422664e+16
40420958.39796302   1.5511427595228368e+16
41078408.89965651   1.476751740922872e+16
41746552.89253135   1.4059274364703772e+16
42425564.307177775   1.33849888653698e+16
43115619.90318228   1.2743033453584916e+16
43816899.31514186   1.2131858258446414e+16
44529585.0994266   1.1549987483577624e+16
45253862.78170167   1.0996016135504918e+16
45989920.90522438   1.0468606886598772e+16
46737951.079924636   9966486674557944.0
47498148.032284945   9488443133773662.0
48270709.656031884   9033321840621516.0
49055837.06365045   8600023753023665.0
49853734.63873894   8187502756013997.0
50664610.089212686   7794763015325589.0
51488674.50137487   7420856180184854.0
52326142.394866675   7064879222548379.0
53177231.77850967   6725972433278111.0
54042164.20705915   6403317501733560.0
54921164.838877894   6096135456075197.0
55814462.49454955   5803684471174923.0
56722289.71644549   5525258173593316.0
57644882.82925873   5260184073383819.0
58582482.00152536   5007822061479969.0
59535331.3081437   4767562806504852.0
60503678.79391212   4538826037249365.0
61487776.538100295   4321059212886201.5
62487880.72006888   4113736295713129.0
63504251.68595962   3916356575414082.0
64537154.01646702   3728443421082667.0
65586856.59571422   3549542935809812.0
66653632.6812492   3379222913344387.0
67737759.97517745   3217071877663746.5
68839520.69645496   3062698162983432.0
69959201.65435374   2915728942194912.0
71097094.32312424   2775809173168280.0
72253494.91787222   2642600780083780.0
73428704.47166757   2515781901826067.0
74623028.91391107   2395046172099940.5
75836779.1499719   2280101962979320.5
77070271.14212288   2170671559852321.0
78323825.99179204   2066490518987275.8
79597770.02314977   1967307079353251.5
80892434.86805938   1872881599310266.8
82208157.5524054   1782985967574847.8
83545280.58382854   1697402957336493.8
84904152.04088755   1615925722075021.0
86285125.66366887   1538357335277985.8
87688560.94587426   1464510349646913.5
89114823.22840202   1394206338371465.5
90564283.79445294   1327275389620224.8
92037319.9661823   1263555710822805.0
93534315.20292377   1202893268477751.0
95055659.20101191   1145141443226465.8
96601747.99522646   1090160672563011.4
98172984.06188841   1037818055280076.1
99769776.42363212   987987040853915.2
101392540.75588143   940547147581144.0
103041699.49505854   895383692669925.4
104717681.94855203   852387513917608.9
106420924.40647268   811454660266172.5
108151870.25522892   772486147966215.0
109910970.09294961   735387740011648.1
111698681.84678249   700069734932870.8
113515470.8920999   666446749958400.1
115361810.17364761   634437478990746.1
117238180.32865998   603964501175389.8
119145069.81197748   574954108304878.0
121082975.0232037   547336139548096.2
123052400.43592615   521043812488163.94
125053858.72903939   496013533874347.4
127087870.92020595   472184749319947.2
129154966.50148827   449499808244875.75
131255683.57718454   427903834551387.25
133390569.00390586   407344594947024.5
135560178.5329366   387772350999942.6
137765076.9549055   369139741118571.7
140005838.2468096   351401674869822.7
142283045.7214349   334515231784080.3
144597292.17920196   318439558718960.3
146949180.06248203   303135754231790.6
149339321.61242533   288566775899515.0
151768339.02834037   274697357624293.38
154236864.62966305   261493930450512.7
156745541.0205595   248924542551563.44
159295021.25721198   236958768881954.6
161885969.0178199   225567638390692.1
164519058.77536607   214723569314981.1
167194975.9731992   204400307222130.6
169914417.2034626   194572862623033.28
172678090.38843596   185217440393302.62
175486714.9648152   176311382606169.7
178341022.07100064   167833117901965.3
181241754.73742396   159762113008633.84
184189668.07997108   152078824091469.5
187185529.49655753   144764641629835.16
190230118.86689457   137801845515208.81
193324228.7555043   131173565434736.66
196468664.61804485   124863742938880.88
199664245.01097932   118857093497325.84
202911801.80466822   113139063455967.27
206212180.39991444   107695794767028.92
209566239.94804308   102514093990923.34
212974853.57455233   97581402616828.88
216438908.60640204   92885767464679.48
219959306.80300704   88415807081762.05
223536964.59097967   84160684037856.12
227172813.30269027   80110080670561.66
230867799.4187172   76254175863684.8
234622884.81422624   72583621956396.1
238439047.00937253   69089518514375.695
242317279.42376006   65763390566865.42
246258591.6350544   62597169628510.53
250264009.64179218   59583175530797.39
254334576.13046482   56714098405379.69
258471350.74695584   53982978215212.29
262675410.37238383   51383187658995.43
266947849.4034318   48908417321593.42
271289780.037247   46552661459234.8
275702332.56095827   44310203940307.3
280186655.6459201   42175602274362.836
284743916.64672476   40143674182949.96
289375301.90509474   38209485980454.67
294082017.0587067   36368341452926.69
298865287.3550383   34615770885730.914
303726357.97033054   32947518604181.117
308666494.3337274   31359532424603.082
313686982.45668733   29847954562781.35
318789129.2677649   28409112933303.637
323974262.9528195   27039512585414.85
329243733.30077755   25735825984715.273
334598912.0549975   24494884726883.336
340041193.27037024   23313672423843.105
345571993.6762143   22189317896998.297
351192753.0450728   21119088491987.914
356904934.5675222   20100382499624.21
362710025.23306483   19130722647153.61
368609536.2172154   18207750531894.86
374605003.27489966   17329221296225.72
380697987.1402284   16492998408534.143
386890073.9327983   15697047753374.525
393182875.570577   14939432519158.04
399578030.18952656   14218308842606.092
406077202.57003695   13531921643056.465
412682084.57029516   12878600547663.803
419394395.56671774   12256755283796.049
426215882.9015325   11664871663767.719
433148322.3376394   11101508176688.074
440193518.5208879   10565292729798.547
447353305.4498463   10054919466760.87
454629546.9532409   9569145175852.16
462024137.1751313   9106786136501.754
469539001.0680053   8666715452450.767
477176094.89387506   8247860502696.278
484937406.7335233   7849200456934.724
492824957.0040503   7469763475970.345
500840798.98482126   7108624235267.081
508987019.35196745   6764901838144.718
517265738.72160244   6437757821879.64
525679112.2018419   6126394217402.133
534229329.9538363   5830051367465.316
542918617.7618942   5548005982010.432
551749237.6129117   5279569505230.498
560723488.2852038   5024086555974.238
569843705.9469136   4780933412377.37
579112264.7641747   4549516311676.242
588531577.519145   4329269923321.0767
598104096.2380931   4119656071172.5386
607832312.8297236   3920162513665.547
617718759.7338488   3730301760233.392
627766010.5806513   3549609746606.5186
637976680.8606282   3377644636033.5605
648353428.6054714   3213985819381.3486
658898955.0799956   3058232961065.807
669616005.4853215   2910005074586.7876
680507369.6735193   2768939490494.205
691575882.8738525   2634690915310.049
702824426.4308338   2506930649081.2847
714255928.5543134   2385345839217.632
725873365.0817245   2269638758371.401
737679760.2527746   2159526000497.7188
749678187.4966877   2054737742166.7266
761871770.2322984   1955017130272.272
774263682.6811278   1860119698498.2732
786857150.6936843   1769812803230.6997
799655452.589233   1683874997369.1226
812661920.0091945   1602095450569.3335
825879938.7844255   1524273470102.2017
839312949.8166373   1450218044526.3066
852964449.9741017   1379747403034.4004
866837993.0019791   1312688527763.5361
880937190.4473991   1248876698833.8877
895265712.5996382   1188155119398.8389
909827289.4455568   1130374558815.311
924625711.6405734   1075393008405.1265
939664831.4954672   1023075301668.2871
954948563.9791967   973292757302.8386
970480887.7380327   925922885789.9259
986265846.131283   880849110382.676
1002307548.2838644   837960498183.2012
1018610170.1559774   797151464413.2935
1035177955.6301762   758321492353.6782
1052015217.6161569   721374903734.5056
1069126339.1734772   686220640584.8086
1086515774.6525373   652772055144.8717
1104188050.854158   620946679612.9648
1122147768.2079802   590666006462.3816
1140399601.9700353   561855308762.6959
1158948303.4398117   534443469626.47845
1177798701.197118   508362818085.1114
1196955702.3590453   483548949828.7947
1216424293.857368   459940554915.35077
1236209543.7367666   437479277163.59155
1256316602.4741216   416109580821.7839
1276750704.3192644   395778622352.1966
1297517168.6575842   376436110884.15686
1318621401.3947484   358034173112.52563
1340068896.3639534   340527243268.47424
1361865236.7560828   323871958894.787
1384016096.5731301   308027060683.14105
1406527242.1052392   292953283852.8325
1429404533.431761   278613252230.2746
1452653925.9467783   264971392148.21844
1476281471.909391   251993850979.71246
1500293322.0192168   239648418894.27078
1524695727.0175698   227904444314.51068
1549495039.3146317   216732750889.53067
1574697714.64309   206105570119.95288
1600310313.7387018   195996477687.6002
1626339504.0481906   186380332334.24005
1652792061.4648972   177233210065.63892
1679674872.0926533   168532339083.6477
1706994934.0384045   160256047064.69836
1734759359.2339325   152383711402.33084
1762975375.287204   144895711464.6754
1791650327.363896   137773377392.5625
1820791680.0994625   130998939115.90927
1850407019.542306   124555485100.4014
1880504055.1285834   118426923466.55269
1911090621.689136   112597944698.79404
1942174681.4890285   107053981804.64667
1973764326.3002553   101781170375.73367
2005867779.50823   96766316308.25323
2038493398.252464   91996865424.57599
2071649675.6020668   87460874348.22601
2105345242.7666996   83146979505.61987
2139588871.3434215   79044365845.98131
2174389475.6000843   75142741584.8204
2209756114.795903   71432314471.30402
2245697995.5397716   67903769042.66118
2282224474.186901   64548242508.01098
2319345059.2744274   61357300256.028275
2357069413.996723   58322916093.79824
2395407358.7208796   55437453708.70264
2434368873.543118   52693648906.340385
2473964100.8868065   50084590850.39527
2514203348.1427965   47603702889.502106
2555097090.3525124   45244727096.90271
2596655972.9348726   43001709791.62291
2638890814.4575076   40868987669.40065
2681812609.453018   38841173210.406815
2725432531.281028   36913139674.19893
2769761935.0368853   35080009004.450165
2814812360.507581   33337140522.45199
2860595535.1757507   31680120098.807457
2907123377.272569   30104748804.358696
2954407998.8803797   28607031170.09157
3002461709.0855556   27183165725.33949
3051297017.182871   25829536169.439003
3100926635.9319234   24542702919.140137
3151363484.8664827   23319394282.36789
3202620693.65765   22156497275.454933
3254711605.5318413   21051050221.817005
3307649780.7442427   20000235859.999805
3361449000.1087756   19001374746.069336
3416123268.585518   18051918390.4527
3471686818.9265594   17149442077.492462
3528154115.3808904   16291639076.244549
3585539857.459817   15476315261.191362
3643858983.7635407   14701383963.32138
3703126675.8699307   13964860633.973555
3763358362.286533   13264857231.909409
3824569722.4669914   12599577695.432331
3886776690.892668   11967313744.498219
3949995461.220655   11366440863.161455
4014242490.4993095   10795414151.095612
4079534503.452449   10252763937.365902
4145888496.8329196   9737092239.489044
4213321743.847289   9247069488.163857
4281851798.6524067   8781431392.866596
4351496500.925055   8338975717.318042
4422273980.505897   7918558852.920948
4494202662.119133   7519093049.973497
4567301270.168747   7139543862.658159
4641588833.612792   6778927704.338664
4717084690.917003   6436309341.386675
4793808495.089107   6110799217.313778
4871780218.794641   5801551287.9626465
4951020159.556352   5507761028.931719
5031548945.038046   5228663529.092142
5113387538.414331   4963531543.051485
5196557243.827658   4711673402.362313
5281079711.93432   4472431323.062934
5366976945.540476   4245179852.122583
5454271305.329847   4029324381.108303
5542985515.684652   3824299632.9166026
5633142670.601352   3629568031.8735905
5724766239.70219   3444618380.850596
5817880074.344935   3268964650.228696
5912508413.831869   3102144819.393403
6008675891.719693   2943719701.183481
6106407542.232037   2793271670.530449
6205728806.776487   2650403630.56773
6306665540.567406   2514738068.9288626
6409244019.35647   2385916154.981966
6513490946.272782   2263596826.776897
6619433458.774388   2147455799.7917557
6727099135.712351   2037184759.0576944
6836516004.510239   1932490623.9374251
6947712548.460226   1833094844.902588
7060717714.13778   1738732694.455392
7175560918.936921   1649152494.6749792
7292272058.728298   1564114985.9783669
7410881515.64157   1483392754.5968564
7531420165.974391   1406769684.8952413
7653919388.230156   1334040408.8524568
7778411071.286482   1265009704.353836
7904927622.696437   1199492002.112744
8033501977.124735   1137310939.9524038
8164167604.921455   1078298936.4325185
8296958520.834915   1022296763.5215615
8431909292.866251   969153078.1020434
8569055051.26833   918724036.9435421
8708431497.690723   870872949.7772472
8850074914.473457   825469947.5167487
8994022174.092052   782391650.6098717
9140310748.756224   741520804.492203
9288978720.164516   702745978.9449818
9440064789.417603   665961298.2216169
9593608287.093126   631066182.9418299
9749649183.484097   597965092.8004229
9908228099.003788   566567243.0213119
10069386314.76025   536786369.6961606
10233165783.302448   508540519.9164586
10399609139.541224   481751851.07697415
10568759711.848051   456346431.3163887
10740661533.334324   432254019.1042969
10915359353.313932   409407880.1340822
11092898648.952229   387744624.18722475
11273325637.104849   367204049.1396779
11456687286.348726   347728986.2384217
11643031329.208755   329265128.8611667
11832406274.583755   311760889.68033993
12024861420.374123   295167273.9070847
12220446866.31491   279437758.1121907
12419213527.017847   264528170.2981974
12621213145.22546   250396556.94974175
12826498305.280624   237003071.63491958
13035122446.815088   224309876.58320278
13247139878.661148   212281048.58670092
13462605792.98911   200882486.08592722
13681576279.674706   190081805.9973586
13904108340.90067   179848256.89061788
14130259905.995337   170152642.584378
14360089846.512636   160967249.127267
14593657991.557577   152265772.8382648
14831025143.361029   144023240.3023618
15072253093.107586   136215940.71328896
15317404637.020798   128821366.61290437
15566543592.710588   121818157.24784017
15819734815.786015   115186042.87396647
16077044216.73822   108905782.7523982
16338538778.09857   102959112.45873952
16604286571.875296   97328697.93972188
16874356777.273792   91998091.60221304
17148819698.705408   86951689.2273104
17427746784.089172   82174681.95310345
17711210643.450905   77653015.25657047
17999285067.824764   73373353.35488895
18292045048.462902   69323045.19435701
18589566796.356884   65490091.133873686
18891927762.076645   61863105.783284515
19199206655.93279   58431286.093465
19511483468.466164   55184383.79186307
19828839491.270756   52112679.054450475
20151357338.155586   49206954.760693125
20479120966.650833   46458467.756207205
20812215699.863415   43858924.041614614
21150728248.687946   41400457.44471368
21494746734.37976   39075609.25380624
21844360711.494286   36877308.3384088
22199661191.199524   34798848.943909526
22560740664.968544   32833871.41182204
22927693128.656487   30976345.688250538
23300614106.969296   29220555.58513102
23679600678.330788   27561083.438127678
24064751500.154217   25992792.963303376
24456166834.52449   24510814.28632466
24853948574.297985   23110531.20248126
25258200269.627796   21787569.020040832
25669027154.919518   20537782.73395084
26086536176.22556   19357243.79989709
26510836019.085308   18242228.51760803
26942037136.81882   17189208.197669346
27380251779.278633   16194839.781801213
27825594022.07126   15255956.73206162
28278179796.253384   14369558.83849719
28738126918.510693   13532803.211075526
29205555121.82745   12742996.696878763
29680586086.655964   11997588.651434261
30163343472.591972   11294163.924397592
30653952950.56536   10630435.014389817
31152542235.554783   10004235.088642463
31659241119.835205   9413512.142009057
32174181506.763783   8856323.430822436
32697497445.11768   8330830.079120597
33229325163.98968   7835291.045532463
33769803108.25095   7368057.720011144
34319071974.590427   6927569.428318838
34877274748.1417   6512349.151220376
35444556739.70435   6120999.3818900455
36021065623.57081   5752197.490415892
36606951475.96891   5404691.546033749
37202366814.13066   5077296.860788101
37807466635.99357   4768892.701473675
38422408460.550606   4478419.1109312065
39047352368.85556   4204873.351768895
39682461045.69486   3947306.6785347583
40327899821.93705   3704821.683734632
40983836717.57253   3476569.7757899975
41650442485.45185   3261748.742882007
42327890655.73562   3059600.028279645
43016357581.06782   2869406.238522443
43716022482.48502   2690489.109132446
44427067496.06892   2522207.5719059133
45149677720.361015   2363955.8912237645
45884041264.54752   2215161.578514303
46630349297.42736   2075283.4715866477
47388796097.17651   1943810.176924374
48159579101.92341   1820258.5912960656
48942898961.14532   1704172.4778370704
49738959587.90078   1595120.8721057577
50547968211.91225   1492696.6035505664
51370135433.51339   1396515.1044619246
52205675278.46986   1306213.28095554
53054805253.69574   1221448.4266270106
53917746403.87495   1141897.0065033683
54794723369.00293   1067253.5202433062
55685964442.86409   997229.5928148649
56591701632.46231   931553.1138703316
57512170718.41614   869967.4105481105
58447611316.336494   812230.3210497188
59398266939.203384   758113.3218251821
60364385060.75864   707400.8346295683
61346217179.925186   659889.5719195178
62344018886.27864   615387.9076837434
63358049926.58241   573715.173438654
64388574272.40426   534700.9887778345
65435860188.83229   498184.73456842976
66500180304.31105   464015.05569469807
67581811681.6111   432049.38401986985
68681035889.95322   402153.4039145458
69798139078.30638   374200.54000579997
70933412049.8799   348071.5572431702
72087150337.8215   323654.1842216806
73259654282.1523   300842.7520920259
74451229107.95128   279537.7898334834
75662185004.81062   259645.63285081237
76892837207.58305   241078.12004383758
78143506078.44527   223752.30918710915
79414517190.2934   207590.2042630594
80706201411.49524   192518.4497088516
82018894992.02211   178468.03183363593
83352939650.98187   165374.04998786747
84708682665.5742   153175.50205676572
86086476961.49245   141815.07909185972
87486681204.79897   131238.93489929353
88909659895.29167   121396.45876788712
90355783461.3892   112240.10300264455
91825428356.56264   103725.22174613991
93318977157.33238   95809.91678516299
94836818662.85947   88454.86437605973
96379347996.15796   81623.14254482405
97946966706.95386   75280.10158540067
99540082876.2154   69393.24329139324
101159111222.38298   63932.105532911504
102804473209.33076   58868.13249962455
104476597156.08052   54174.543817950514
106175918348.2999   49826.237545629425
107902879151.61813   45799.700030427164
109657929126.78099   42072.919840302675
111441525146.67905   38625.29083126884
113254131515.28127   35437.513187848934
115096220088.50311   32491.52102786628
116968270397.03871   29770.41538801932
118870769771.19032   27258.400284184296
120804213467.73265   24940.710553633042
122769104798.83604   22803.537261488207
124765955263.08685   20833.97384185565
126795284678.64313   19019.966512622384
128857621318.5518   17350.26697967739
130953502048.26704   15814.378947864161
133083472465.40761   14402.50202439312
135248087041.7874   13105.491847246492
137447909267.75394   11914.823564342145
139683511798.87396   10822.55702084125
141955476605.00986   9821.29728473247
144264395121.8159   8904.152591901035
146610868404.6983   8064.704965585203
148995507285.28506   7296.983463522467
151418932530.4352   6595.438706295681
153881775003.83496   5954.913876899429
156384675830.2248   5370.613305075221
158928286562.29764   4838.080925665723
161513269350.3093   4353.1808125568095
164140297114.44666   3912.0786505432675
166810053720.00558   3511.220552327182
169523234155.41214   3147.3096729905656
172280544713.13922   2817.2905106924045
175082703173.572   2518.3348421129585
177930438991.85773   2247.828347686698
180824493487.79553   2003.3552282746882
183765620038.81723   1782.6808710629994
186754584276.10742   1583.7404827796831
189792164283.91034   1404.6290126920812
192879150802.07776   1243.5915769139995
196016347431.91818   1099.0123714212714
199204570845.38712   969.4018727954217
202444650997.68018   853.3886731998068
205737431343.29074   749.712331337924
209083769055.575   657.216585904677
212484535249.88873   574.8414262372298
215940615210.35675   501.61369007545375
219452908620.33115   436.6412474425508
223022329796.5941   379.10798913173403
226649807927.3693   328.2690721552318
230336287314.21265   283.4453044545826
234082727617.82944   244.01627170455401
237890104107.8891   209.41623737171824
241759407916.91235   179.130679742277
245691646298.27902   152.69300880896705
249687842888.4332   129.68063320066395
253749037973.35718   109.70996477870682
257876288759.37982   92.43356315609216
262070669648.38553   77.53778514573429
266333272517.49808   64.7405578447221
270665207003.32358   53.788660843233764
275067600790.80676   44.45411798779878
279541599906.7865   36.53223764355596
284088369018.3295   29.840053182469127
288709091735.92346   24.21484707187581
293404970921.5793   19.5123033366962
298177229001.96735   15.60391932651558
303027108286.63934   12.375684650407468
307955871291.423   9.727077744741077
312964801067.0751   7.570117451564079
318055201533.2913   5.828132884902507
323228397818.13806   4.433920923949743
328485736603.0054   3.3288755490391555
333828586473.17505   2.4623699476785363
339258338274.0992   1.791173074484659
344776405473.44714   1.2786525366149315
350384224529.06757   0.8934738889961886
356083255262.9274   0.6090436744667642
361874981241.1284   0.403153833067734
367760910160.1031   0.25764633627400413
373742574239.10565   0.15791549372411037
379821530619.0736   0.09199819175484097
385999361767.9779   0.05023196378859942
392277675892.77075   0.025073742845831512
398658107358.0439   0.010929142328197873
405142317111.4656   0.0038582041574892973
411731993116.1679   0.0009455346535588794
418428850790.1576   0.00010285621054175422
425234633452.86865   0.0
432151112778.9762   0.0
439180089259.6077   0.0
446323392671.03973   0.0
453582882551.02   0.0
460960448682.842   0.0
468458011587.3045   0.0
476077523022.63776   0.0
483820966492.5957   0.0
491690357762.8021   0.0
499687745385.4889   0.0
507815211232.7671   0.0
516074871038.5897   0.0
524468874949.5119   0.0
532999408084.4104   0.0
541668691103.31354   0.0
550478980785.4968   0.0
559432570616.9388   0.0
568531791387.3754   0.0
577779011797.0496   0.0
587176639073.3262   0.0
596727119597.331   0.0
606432939540.8049   0.0
616296625513.2942   0.0
626320745219.8705   0.0
636507908129.5552   0.0
646860766154.6321   0.0
657382014340.9598   0.0
668074391569.5615   0.0
678940681269.6099   0.0
689983712143.0026   0.0
701206358900.7177   0.0
712611543011.1731   0.0
724202233460.7316   0.0
735981447526.5786   0.0
747952251562.1798   0.0
760117761795.5322   0.0
772481145140.3416   0.0
785045620020.4509   0.0
797814457207.6613   0.0
810790980673.1694   0.0
823978568452.8511   0.0
837380653526.6472   0.0
851000724712.2246   0.0
864842327573.1744   0.0
878909065341.9963   0.0
893204599858.096   0.0
907732652521.0242   0.0
922497005259.2174   0.0
937501501514.527   0.0
952750047242.73   0.0
968246611930.3114   0.0
983995229627.8207   0.0
1000000000000.0   0.0
